-250 1572.9 0 380.223 1193.73 1572.9 1573.96 
-246.231 1573.16 0 380.223 1193.73 1573.16 1573.96 
-242.462 1572.9 0 379.957 1193.47 1572.9 1573.43 
-238.693 1573.16 0 380.223 1193.73 1573.16 1573.96 
-234.925 1572.9 0 380.223 1193.73 1572.9 1573.96 
-231.156 1572.9 0 380.223 1193.73 1572.9 1573.96 
-227.387 1573.16 0 380.223 1193.73 1573.16 1573.96 
-223.618 1572.9 0 380.223 1193.73 1572.9 1573.96 
-219.849 1573.16 0 379.957 1193.47 1573.16 1573.43 
-216.08 1572.9 0 380.223 1193.73 1572.9 1573.96 
-212.312 1572.9 0 380.223 1193.73 1572.9 1573.96 
-208.543 1573.16 0 380.223 1193.73 1573.16 1573.96 
-204.774 1572.9 0 380.223 1193.73 1572.9 1573.96 
-201.005 1572.9 0 379.957 1193.73 1572.9 1573.69 
-197.236 1573.16 0 380.223 1193.47 1573.16 1573.69 
-193.467 1572.9 0 380.223 1193.73 1572.9 1573.96 
-189.698 1573.16 0 380.223 1193.73 1573.16 1573.96 
-185.93 1572.9 0 380.223 1193.73 1572.9 1573.96 
-182.161 1572.9 0 380.223 1193.73 1572.9 1573.96 
-178.392 1573.16 0 379.957 1193.73 1573.16 1573.69 
-174.623 1572.9 0 380.223 1193.47 1572.9 1573.69 
-170.854 1573.16 0 380.223 1193.73 1573.16 1573.96 
-167.085 1572.9 0 380.223 1193.73 1572.9 1573.96 
-163.317 1572.9 0 380.223 1193.73 1572.9 1573.96 
-159.548 1573.16 0 379.957 1193.73 1573.16 1573.69 
-155.779 1572.9 0 380.223 1193.73 1572.9 1573.96 
-152.01 1573.16 0 380.223 1193.47 1573.16 1573.69 
-148.241 1572.9 0 380.223 1193.73 1572.9 1573.96 
-144.472 1572.9 0 380.223 1193.73 1572.9 1573.96 
-140.704 1573.16 0 380.223 1193.73 1573.16 1573.96 
-136.935 1572.9 0 379.957 1193.73 1572.9 1573.69 
-133.166 1572.9 0 380.223 1193.73 1572.9 1573.96 
-129.397 1573.16 0 380.223 1193.47 1573.16 1573.69 
-125.628 1572.9 0 380.223 1193.73 1572.9 1573.96 
-121.859 1573.16 0 380.223 1193.73 1573.16 1573.96 
-118.09 1572.9 0 379.957 1193.73 1572.9 1573.69 
-114.322 1572.9 0 380.223 1193.73 1572.9 1573.96 
-110.553 1573.16 0 380.223 1193.73 1573.16 1573.96 
-106.784 1572.9 0 380.223 1193.47 1572.9 1573.69 
-103.015 1573.16 0 380.223 1193.73 1573.16 1573.96 
-99.2462 1572.9 0 380.223 1193.73 1572.9 1573.96 
-95.4774 1572.9 0 379.957 1193.73 1572.9 1573.69 
-91.7085 1573.16 0 380.223 1193.73 1573.16 1573.96 
-87.9397 1572.9 0 380.223 1193.73 1572.9 1573.96 
-84.1709 1573.16 0 380.223 1193.47 1573.16 1573.69 
-80.402 1572.9 0 380.223 1193.73 1572.9 1573.96 
-76.6332 1572.9 0 379.957 1193.73 1572.9 1573.69 
-72.8643 1573.16 0 380.223 1193.73 1573.16 1573.96 
-69.0955 1572.9 0 380.223 1193.73 1572.9 1573.96 
-65.3266 1572.9 0 380.223 1193.73 1572.9 1573.96 
-61.5578 1573.16 0 380.223 1193.47 1573.16 1573.69 
-57.7889 1572.9 0 380.223 1193.73 1572.9 1573.96 
-54.0201 1573.16 0 379.957 1193.73 1573.16 1573.69 
-50.2513 1572.9 0 380.223 1193.73 1572.9 1573.96 
-46.4824 1572.9 0 380.223 1193.73 1572.9 1573.96 
-42.7136 1573.16 0 380.223 1193.73 1573.16 1573.96 
-38.9447 1572.9 0 380.223 1193.47 1572.9 1573.69 
-35.1759 1573.16 0 380.223 1193.73 1573.16 1573.96 
-31.407 1572.9 0 379.957 1193.73 1572.9 1573.69 
-27.6382 1572.9 0 380.223 1193.73 1572.9 1573.96 
-23.8693 1573.16 0 380.223 1193.73 1573.16 1573.96 
-20.1005 1572.9 0 380.223 1193.73 1572.9 1573.96 
-16.3317 1573.16 0 380.223 1193.47 1573.16 1573.69 
-12.5628 1572.9 0 379.957 1193.73 1572.9 1573.69 
-8.79397 1572.9 0 380.223 1193.73 1572.9 1573.96 
-5.02513 1573.16 0 380.223 1193.73 1573.16 1573.96 
-1.25628 1572.9 0 380.223 1191.08 1572.9 1571.3 
2.51256 1572.1 0 380.223 1181.79 1572.1 1562.02 
6.28141 1571.57 0 380.223 1169.32 1571.57 1549.55 
10.0503 1569.18 0 380.223 1131.12 1569.18 1511.34 
13.8191 1564.14 0 380.223 1055.23 1564.14 1435.45 
17.5879 1554.85 0 380.223 925.483 1554.85 1305.71 
21.3568 1538.14 0 380.753 726.483 1538.14 1107.24 
25.1256 1510.28 0 381.019 474.947 1510.28 855.965 
28.8945 1467.82 0 381.815 236.677 1467.82 618.492 
32.6633 1411.04 0 382.611 83.0493 1411.04 465.66 
36.4322 1343.38 0 383.937 19.3693 1343.38 403.307 
40.201 1270.95 0 385.795 2.91867 1270.95 388.713 
43.9698 1198.25 0 387.917 0.265333 1198.25 388.183 
47.7387 1128.73 0 390.571 0 1128.73 390.571 
51.5075 1063.99 0 393.489 0 1063.99 393.489 
55.2764 1004.55 0 396.408 0 1004.55 396.408 
59.0452 950.424 0 400.388 0 950.424 400.388 
62.8141 901.337 0 404.103 0 901.337 404.103 
66.5829 857.027 0 408.348 0 857.027 408.348 
70.3518 817.227 0 413.389 0 817.227 413.389 
74.1206 780.876 0 418.165 0 780.876 418.165 
77.8894 748.24 0 423.737 0 748.24 423.737 
81.6583 718.257 0 429.575 0 718.257 429.575 
85.4271 690.928 0 435.943 0 690.928 435.943 
89.196 666.252 0 442.576 0 666.252 442.576 
92.9648 643.433 0 449.74 0 643.433 449.74 
96.7337 622.737 0 457.435 0 622.737 457.435 
100.503 603.103 0 465.66 0 603.103 465.66 
104.271 585.591 0 474.416 0 585.591 474.416 
108.04 569.405 0 483.968 0 569.405 483.968 
111.809 554.016 0 493.785 0 554.016 493.785 
115.578 539.688 0 504.399 0 539.688 504.399 
119.347 526.952 0 516.073 0 526.952 516.073 
123.116 514.481 0 528.279 0 514.481 528.279 
126.884 503.072 0 541.545 0 503.072 541.545 
130.653 492.459 0 555.873 0 492.459 555.873 
134.422 482.641 0 571.263 0 482.641 571.263 
138.191 473.355 0 587.713 0 473.355 587.713 
141.96 464.599 0 605.756 0 464.599 605.756 
145.729 456.373 0 625.125 0 456.373 625.125 
149.497 448.944 0 646.087 0 448.944 646.087 
153.266 441.78 0 669.436 0 441.78 669.436 
157.035 435.147 0 694.112 0 435.147 694.112 
160.804 428.779 0 721.972 0 428.779 721.972 
164.573 422.941 0 751.955 0 422.941 751.955 
168.342 417.635 0 785.387 0 417.635 785.387 
172.111 412.859 0 822.003 0 412.859 822.003 
175.879 407.817 0 862.333 0 407.817 862.333 
179.648 403.572 0 907.44 0 403.572 907.44 
183.417 399.857 0 956.792 0 399.857 956.792 
187.186 396.143 0 1011.45 0 396.143 1011.45 
190.955 392.959 0 1071.68 0 392.959 1071.68 
194.724 390.305 0 1137.22 0 390.305 1137.22 
198.492 387.652 0.530667 1207 0 388.183 1207 
202.261 385.529 3.71467 1279.7 0 389.244 1279.7 
206.03 383.937 23.3493 1351.87 0 407.287 1351.87 
209.799 382.345 95.52 1417.94 0 477.865 1417.94 
213.568 381.815 258.965 1473.13 0 640.78 1473.13 
217.337 381.019 498.827 1513.2 0 879.845 1513.2 
221.106 380.488 741.341 1539.73 0 1121.83 1539.73 
224.874 380.488 927.34 1554.85 0 1307.83 1554.85 
228.643 380.223 1046.47 1563.34 0 1426.7 1563.34 
232.412 380.488 1114.67 1568.12 0 1495.15 1568.12 
236.181 380.223 1150.75 1570.24 0 1530.97 1570.24 
239.95 380.223 1170.39 1571.3 0 1550.61 1571.3 
243.719 379.957 1181.53 1572.37 0 1561.49 1572.37 
247.487 380.223 1190.82 1572.63 0 1571.04 1572.63 
251.256 380.223 1193.73 1572.9 0 1573.96 1572.9 
255.025 380.223 1193.47 1572.9 0 1573.69 1572.9 
258.794 380.223 1193.47 1572.9 0 1573.69 1572.9 
262.563 380.223 1193.47 1572.9 0 1573.69 1572.9 
266.332 380.223 1193.47 1572.9 0 1573.69 1572.9 
270.101 380.223 1193.47 1572.9 0 1573.69 1572.9 
273.869 380.223 1193.47 1573.16 0 1573.69 1573.16 
277.638 380.223 1193.47 1572.9 0 1573.69 1572.9 
281.407 380.223 1193.47 1572.9 0 1573.69 1572.9 
285.176 379.957 1193.47 1572.9 0 1573.43 1572.9 
288.945 380.223 1193.47 1572.9 0 1573.69 1572.9 
292.714 380.223 1193.47 1572.9 0 1573.69 1572.9 
296.482 380.223 1193.47 1572.9 0 1573.69 1572.9 
300.251 380.223 1193.47 1572.9 0 1573.69 1572.9 
304.02 380.223 1193.47 1572.9 0 1573.69 1572.9 
307.789 380.223 1193.47 1572.9 0 1573.69 1572.9 
311.558 380.223 1193.47 1572.9 0 1573.69 1572.9 
315.327 380.223 1193.47 1572.9 0 1573.69 1572.9 
319.095 380.223 1193.73 1572.9 0 1573.96 1572.9 
322.864 379.957 1193.47 1572.9 0 1573.43 1572.9 
326.633 380.223 1193.47 1572.9 0 1573.69 1572.9 
330.402 380.223 1193.47 1572.9 0 1573.69 1572.9 
334.171 380.223 1193.47 1572.9 0 1573.69 1572.9 
337.94 380.223 1193.47 1572.9 0 1573.69 1572.9 
341.709 380.223 1193.47 1572.9 0 1573.69 1572.9 
345.477 380.223 1193.47 1572.9 0 1573.69 1572.9 
349.246 380.223 1193.47 1572.9 0 1573.69 1572.9 
353.015 380.223 1193.47 1572.9 0 1573.69 1572.9 
356.784 380.223 1193.47 1572.9 0 1573.69 1572.9 
360.553 379.957 1193.47 1572.9 0 1573.43 1572.9 
364.322 380.223 1193.47 1573.16 0 1573.69 1573.16 
368.09 380.223 1193.47 1572.9 0 1573.69 1572.9 
371.859 380.223 1193.47 1572.9 0 1573.69 1572.9 
375.628 380.223 1193.47 1572.9 0 1573.69 1572.9 
379.397 380.223 1193.47 1572.9 0 1573.69 1572.9 
383.166 380.223 1193.47 1572.9 0 1573.69 1572.9 
386.935 380.223 1193.47 1572.9 0 1573.69 1572.9 
390.704 380.223 1193.73 1572.9 0 1573.96 1572.9 
394.472 380.223 1193.47 1572.9 0 1573.69 1572.9 
398.241 380.223 1193.47 1572.9 0 1573.69 1572.9 
402.01 379.957 1193.47 1572.9 0 1573.43 1572.9 
405.779 380.223 1193.47 1572.9 0 1573.69 1572.9 
409.548 380.223 1193.47 1572.9 0 1573.69 1572.9 
413.317 380.223 1193.47 1572.9 0 1573.69 1572.9 
417.085 380.223 1193.47 1572.9 0 1573.69 1572.9 
420.854 380.223 1193.47 1572.9 0 1573.69 1572.9 
424.623 380.223 1193.47 1572.9 0 1573.69 1572.9 
428.392 380.223 1193.47 1572.9 0 1573.69 1572.9 
432.161 380.223 1193.47 1572.9 0 1573.69 1572.9 
435.93 380.223 1193.47 1572.9 0 1573.69 1572.9 
439.698 379.957 1193.47 1572.9 0 1573.43 1572.9 
443.467 380.223 1193.47 1572.9 0 1573.69 1572.9 
447.236 380.223 1193.47 1572.9 0 1573.69 1572.9 
451.005 380.223 1193.47 1572.9 0 1573.69 1572.9 
454.774 380.223 1193.47 1573.16 0 1573.69 1573.16 
458.543 380.223 1193.47 1572.9 0 1573.69 1572.9 
462.312 380.223 1193.73 1572.9 0 1573.96 1572.9 
466.08 380.223 1193.47 1572.9 0 1573.69 1572.9 
469.849 380.223 1193.47 1572.9 0 1573.69 1572.9 
473.618 380.223 1193.47 1572.9 0 1573.69 1572.9 
477.387 379.957 1193.47 1572.9 0 1573.43 1572.9 
481.156 380.223 1193.47 1572.9 0 1573.69 1572.9 
484.925 380.223 1193.47 1572.9 0 1573.69 1572.9 
488.693 380.223 1193.47 1572.9 0 1573.69 1572.9 
492.462 380.223 1193.47 1572.9 0 1573.69 1572.9 
496.231 380.223 1193.47 1572.9 0 1573.69 1572.9 
