-250 2.67524e-05 6.91585e-309 -0.0149207 
-249.634 2.67783e-05 0.00546054 -0.0149109 
-249.268 2.68222e-05 0.0109175 -0.0149011 
-248.901 2.67956e-05 0.0163708 -0.0148913 
-248.535 2.677e-05 0.0218206 -0.0148815 
-248.169 2.6767e-05 0.0272668 -0.0148717 
-247.803 2.68003e-05 0.0327093 -0.0148619 
-247.437 2.68113e-05 0.0381483 -0.014852 
-247.07 2.67669e-05 0.0435837 -0.0148422 
-246.704 2.67574e-05 0.0490155 -0.0148324 
-246.338 2.67888e-05 0.0544437 -0.0148226 
-245.972 2.68311e-05 0.0598683 -0.0148128 
-245.605 2.67824e-05 0.0652893 -0.014803 
-245.239 2.67597e-05 0.0707068 -0.0147932 
-244.873 2.67671e-05 0.0761206 -0.0147834 
-244.507 2.68029e-05 0.0815309 -0.0147736 
-244.141 2.68099e-05 0.0869375 -0.0147638 
-243.774 2.67765e-05 0.0923406 -0.0147539 
-243.408 2.67658e-05 0.09774 -0.0147441 
-243.042 2.67869e-05 0.103136 -0.0147343 
-242.676 2.68262e-05 0.108528 -0.0147245 
-242.31 2.67761e-05 0.113917 -0.0147147 
-241.943 2.67581e-05 0.119302 -0.0147049 
-241.577 2.67722e-05 0.124683 -0.0146951 
-241.211 2.68166e-05 0.130061 -0.0146853 
-240.845 2.68129e-05 0.135436 -0.0146755 
-240.479 2.67672e-05 0.140806 -0.0146657 
-240.112 2.67556e-05 0.146174 -0.0146559 
-239.746 2.67867e-05 0.151537 -0.0146461 
-239.38 2.68273e-05 0.156897 -0.0146362 
-239.014 2.67707e-05 0.162253 -0.0146264 
-238.647 2.67656e-05 0.167606 -0.0146166 
-238.281 2.67819e-05 0.172955 -0.0146068 
-237.915 2.68118e-05 0.178301 -0.014597 
-237.549 2.67987e-05 0.183643 -0.0145872 
-237.183 2.67638e-05 0.188981 -0.0145774 
-236.816 2.67575e-05 0.194316 -0.0145676 
-236.45 2.67926e-05 0.199647 -0.0145578 
-236.084 2.68348e-05 0.204975 -0.014548 
-235.718 2.67813e-05 0.210299 -0.0145381 
-235.352 2.67596e-05 0.215619 -0.0145283 
-234.985 2.67752e-05 0.220936 -0.0145185 
-234.619 2.68127e-05 0.22625 -0.0145087 
-234.253 2.67937e-05 0.231559 -0.0144989 
-233.887 2.6765e-05 0.236865 -0.0144891 
-233.521 2.67698e-05 0.242168 -0.0144793 
-233.154 2.68044e-05 0.247467 -0.0144695 
-232.788 2.68229e-05 0.252762 -0.0144597 
-232.422 2.67695e-05 0.258054 -0.0144499 
-232.056 2.67554e-05 0.263342 -0.01444 
-231.689 2.67734e-05 0.268626 -0.0144302 
-231.323 2.68157e-05 0.273907 -0.0144204 
-230.957 2.67985e-05 0.279184 -0.0144106 
-230.591 2.67728e-05 0.284458 -0.0144008 
-230.225 2.67651e-05 0.289728 -0.014391 
-229.858 2.67972e-05 0.294995 -0.0143812 
-229.492 2.68161e-05 0.300258 -0.0143714 
-229.126 2.67681e-05 0.305517 -0.0143616 
-228.76 2.67583e-05 0.310773 -0.0143518 
-228.394 2.67887e-05 0.316025 -0.014342 
-228.027 2.68305e-05 0.321274 -0.0143322 
-227.661 2.67876e-05 0.326519 -0.0143223 
-227.295 2.67608e-05 0.33176 -0.0143125 
-226.929 2.67645e-05 0.336998 -0.0143027 
-226.562 2.67995e-05 0.342232 -0.0142929 
-226.196 2.68136e-05 0.347463 -0.0142831 
-225.83 2.67764e-05 0.35269 -0.0142733 
-225.464 2.67679e-05 0.357913 -0.0142635 
-225.098 2.67847e-05 0.363133 -0.0142537 
-224.731 2.68221e-05 0.368349 -0.0142439 
-224.365 2.67779e-05 0.373562 -0.014234 
-223.999 2.67565e-05 0.378771 -0.0142242 
-223.633 2.6768e-05 0.383977 -0.0142144 
-223.267 2.68117e-05 0.389179 -0.0142046 
-222.9 2.68194e-05 0.394377 -0.0141948 
-222.534 2.67691e-05 0.399572 -0.014185 
-222.168 2.67564e-05 0.404763 -0.0141752 
-221.802 2.67843e-05 0.40995 -0.0141654 
-221.436 2.68253e-05 0.415134 -0.0141556 
-221.069 2.6778e-05 0.420314 -0.0141458 
-220.703 2.67672e-05 0.425491 -0.014136 
-220.337 2.67813e-05 0.430664 -0.0141262 
-219.971 2.68084e-05 0.435834 -0.0141163 
-219.604 2.68033e-05 0.441 -0.0141065 
-219.238 2.67649e-05 0.446162 -0.0140967 
-218.872 2.67553e-05 0.451321 -0.0140869 
-218.506 2.67883e-05 0.456476 -0.0140771 
-218.14 2.68374e-05 0.461628 -0.0140673 
-217.773 2.67846e-05 0.466776 -0.0140575 
-217.407 2.67598e-05 0.47192 -0.0140477 
-217.041 2.67698e-05 0.477061 -0.0140379 
-216.675 2.68059e-05 0.482198 -0.0140281 
-216.309 2.67976e-05 0.487332 -0.0140182 
-215.942 2.6765e-05 0.492462 -0.0140084 
-215.576 2.6766e-05 0.497588 -0.0139986 
-215.21 2.68027e-05 0.502711 -0.0139888 
-214.844 2.68282e-05 0.507831 -0.013979 
-214.478 2.67711e-05 0.512946 -0.0139692 
-214.111 2.67569e-05 0.518058 -0.0139594 
-213.745 2.67739e-05 0.523167 -0.0139496 
-213.379 2.68135e-05 0.528272 -0.0139398 
-213.013 2.68026e-05 0.533373 -0.01393 
-212.646 2.67761e-05 0.538471 -0.0139201 
-212.28 2.67633e-05 0.543565 -0.0139103 
-211.914 2.67938e-05 0.548655 -0.0139005 
-211.548 2.68208e-05 0.553742 -0.0138907 
-211.182 2.67693e-05 0.558826 -0.0138809 
-210.815 2.67576e-05 0.563905 -0.0138711 
-210.449 2.67848e-05 0.568982 -0.0138613 
-210.083 2.68289e-05 0.574054 -0.0138515 
-209.717 2.67911e-05 0.579123 -0.0138417 
-209.351 2.67586e-05 0.584188 -0.0138319 
-208.984 2.67612e-05 0.58925 -0.0138221 
-208.618 2.67959e-05 0.594308 -0.0138123 
-208.252 2.68172e-05 0.599363 -0.0138024 
-207.886 2.67763e-05 0.604414 -0.0137926 
-207.52 2.67697e-05 0.609462 -0.0137828 
-207.153 2.67822e-05 0.614505 -0.013773 
-206.787 2.68194e-05 0.619546 -0.0137632 
-206.421 2.67854e-05 0.624582 -0.0137534 
-206.055 2.67605e-05 0.629615 -0.0137436 
-205.688 2.67652e-05 0.634645 -0.0137338 
-205.322 2.68072e-05 0.639671 -0.013724 
-204.956 2.68258e-05 0.644693 -0.0137142 
-204.59 2.67705e-05 0.649712 -0.0137043 
-204.224 2.67567e-05 0.654727 -0.0136945 
-203.857 2.67816e-05 0.659738 -0.0136847 
-203.491 2.68219e-05 0.664746 -0.0136749 
-203.125 2.67816e-05 0.66975 -0.0136651 
-202.759 2.67673e-05 0.674751 -0.0136553 
-202.393 2.67796e-05 0.679748 -0.0136455 
-202.026 2.68022e-05 0.684742 -0.0136357 
-201.66 2.68072e-05 0.689732 -0.0136259 
-201.294 2.67659e-05 0.694718 -0.0136161 
-200.928 2.67556e-05 0.699701 -0.0136063 
-200.562 2.67845e-05 0.70468 -0.0135965 
-200.195 2.68323e-05 0.709656 -0.0135866 
-199.829 2.67903e-05 0.714628 -0.0135768 
-199.463 2.67617e-05 0.719596 -0.013567 
-199.097 2.67697e-05 0.724561 -0.0135572 
-198.73 2.68058e-05 0.729522 -0.0135474 
-198.364 2.68031e-05 0.73448 -0.0135376 
-197.998 2.67653e-05 0.739434 -0.0135278 
-197.632 2.67625e-05 0.744384 -0.013518 
-197.266 2.68007e-05 0.749331 -0.0135082 
-196.899 2.68318e-05 0.754274 -0.0134984 
-196.533 2.6773e-05 0.759214 -0.0134885 
-196.167 2.67574e-05 0.76415 -0.0134787 
-195.801 2.67712e-05 0.769082 -0.0134689 
-195.435 2.68092e-05 0.774011 -0.0134591 
-195.068 2.68055e-05 0.778936 -0.0134493 
-194.702 2.67763e-05 0.783858 -0.0134395 
-194.336 2.67594e-05 0.788776 -0.0134297 
-193.97 2.67901e-05 0.793691 -0.0134199 
-193.604 2.68254e-05 0.798602 -0.0134101 
-193.237 2.67705e-05 0.803509 -0.0134002 
-192.871 2.67568e-05 0.808413 -0.0133904 
-192.505 2.67805e-05 0.813313 -0.0133806 
-192.139 2.68269e-05 0.818209 -0.0133708 
-191.772 2.6798e-05 0.823102 -0.013361 
-191.406 2.67636e-05 0.827992 -0.0133512 
-191.04 2.67597e-05 0.832877 -0.0133414 
-190.674 2.67927e-05 0.83776 -0.0133316 
-190.308 2.68211e-05 0.842638 -0.0133218 
-189.941 2.67767e-05 0.847513 -0.013312 
-189.575 2.67722e-05 0.852385 -0.0133022 
-189.209 2.67801e-05 0.857252 -0.0132924 
-188.843 2.68161e-05 0.862117 -0.0132825 
-188.477 2.67902e-05 0.866977 -0.0132727 
-188.11 2.67616e-05 0.871834 -0.0132629 
-187.744 2.67604e-05 0.876688 -0.0132531 
-187.378 2.67987e-05 0.881538 -0.0132433 
-187.012 2.68293e-05 0.886384 -0.0132335 
-186.646 2.67717e-05 0.891226 -0.0132237 
-186.279 2.6757e-05 0.896066 -0.0132139 
-185.913 2.67789e-05 0.900901 -0.0132041 
-185.547 2.68184e-05 0.905733 -0.0131943 
-185.181 2.67851e-05 0.910561 -0.0131844 
-184.814 2.67661e-05 0.915386 -0.0131746 
-184.448 2.67789e-05 0.920207 -0.0131648 
-184.082 2.68032e-05 0.925024 -0.013155 
-183.716 2.68132e-05 0.929838 -0.0131452 
-183.35 2.67674e-05 0.934649 -0.0131354 
-182.983 2.6756e-05 0.939455 -0.0131256 
-182.617 2.67818e-05 0.944259 -0.0131158 
-182.251 2.68291e-05 0.949058 -0.013106 
-181.885 2.67964e-05 0.953854 -0.0130962 
-181.519 2.6764e-05 0.958646 -0.0130863 
-181.152 2.67675e-05 0.963435 -0.0130765 
-180.786 2.68024e-05 0.96822 -0.0130667 
-180.42 2.6807e-05 0.973002 -0.0130569 
-180.054 2.6763e-05 0.97778 -0.0130471 
-179.688 2.67589e-05 0.982554 -0.0130373 
-179.321 2.67978e-05 0.987325 -0.0130275 
-178.955 2.68294e-05 0.992092 -0.0130177 
-178.589 2.6778e-05 0.996856 -0.0130079 
-178.223 2.67586e-05 1.00162 -0.0129981 
-177.856 2.6769e-05 1.00637 -0.0129883 
-177.49 2.68062e-05 1.01113 -0.0129785 
-177.124 2.68106e-05 1.01587 -0.0129686 
-176.758 2.67798e-05 1.02062 -0.0129588 
-176.392 2.67605e-05 1.02536 -0.012949 
-176.025 2.67875e-05 1.0301 -0.0129392 
-175.659 2.68283e-05 1.03484 -0.0129294 
-175.293 2.67723e-05 1.03957 -0.0129196 
-174.927 2.67564e-05 1.04429 -0.0129098 
-174.561 2.67763e-05 1.04902 -0.0129 
-174.194 2.68227e-05 1.05374 -0.0128902 
-173.828 2.68043e-05 1.05846 -0.0128804 
-173.462 2.67652e-05 1.06317 -0.0128705 
-173.096 2.67568e-05 1.06788 -0.0128607 
-172.729 2.67868e-05 1.07259 -0.0128509 
-172.363 2.68221e-05 1.07729 -0.0128411 
-171.997 2.67754e-05 1.08199 -0.0128313 
-171.631 2.67707e-05 1.08668 -0.0128215 
-171.265 2.6779e-05 1.09137 -0.0128117 
-170.898 2.6813e-05 1.09606 -0.0128019 
-170.532 2.6795e-05 1.10075 -0.0127921 
-170.166 2.67631e-05 1.10543 -0.0127823 
-169.8 2.67599e-05 1.11011 -0.0127725 
-169.434 2.67984e-05 1.11478 -0.0127627 
-169.067 2.68354e-05 1.11945 -0.0127528 
-168.701 2.67752e-05 1.12412 -0.012743 
-168.335 2.67579e-05 1.12878 -0.0127332 
-167.969 2.67764e-05 1.13344 -0.0127234 
-167.603 2.68146e-05 1.13809 -0.0127136 
-167.236 2.67894e-05 1.14275 -0.0127038 
-166.87 2.6767e-05 1.1474 -0.012694 
-166.504 2.67754e-05 1.15204 -0.0126842 
-166.138 2.68016e-05 1.15668 -0.0126744 
-165.771 2.68182e-05 1.16132 -0.0126646 
-165.405 2.67666e-05 1.16595 -0.0126547 
-165.039 2.6753e-05 1.17059 -0.0126449 
-164.673 2.67783e-05 1.17521 -0.0126351 
-164.307 2.68235e-05 1.17984 -0.0126253 
-163.94 2.67996e-05 1.18446 -0.0126155 
-163.574 2.67669e-05 1.18907 -0.0126057 
-163.208 2.67655e-05 1.19368 -0.0125959 
-162.842 2.67991e-05 1.19829 -0.0125861 
-162.476 2.68126e-05 1.2029 -0.0125763 
-162.109 2.67673e-05 1.2075 -0.0125665 
-161.743 2.67612e-05 1.2121 -0.0125567 
-161.377 2.67945e-05 1.21669 -0.0125469 
-161.011 2.68279e-05 1.22129 -0.012537 
-160.645 2.67832e-05 1.22587 -0.0125272 
-160.278 2.67598e-05 1.23046 -0.0125174 
-159.912 2.67661e-05 1.23504 -0.0125076 
-159.546 2.68017e-05 1.23961 -0.0124978 
-159.18 2.68132e-05 1.24419 -0.012488 
-158.813 2.67794e-05 1.24876 -0.0124782 
-158.447 2.67624e-05 1.25332 -0.0124684 
-158.081 2.67835e-05 1.25789 -0.0124586 
-157.715 2.68211e-05 1.26244 -0.0124488 
-157.349 2.67765e-05 1.267 -0.0124389 
-156.982 2.67584e-05 1.27155 -0.0124291 
-156.616 2.67735e-05 1.2761 -0.0124193 
-156.25 2.68182e-05 1.28064 -0.0124095 
-155.884 2.68108e-05 1.28519 -0.0123997 
-155.518 2.67668e-05 1.28972 -0.0123899 
-155.151 2.67556e-05 1.29426 -0.0123801 
-154.785 2.67858e-05 1.29879 -0.0123703 
-154.419 2.68276e-05 1.30331 -0.0123605 
-154.053 2.67776e-05 1.30784 -0.0123506 
-153.687 2.67702e-05 1.31236 -0.0123408 
-153.32 2.67781e-05 1.31687 -0.012331 
-152.954 2.68101e-05 1.32138 -0.0123212 
-152.588 2.67999e-05 1.32589 -0.0123114 
-152.222 2.67643e-05 1.3304 -0.0123016 
-151.855 2.67569e-05 1.3349 -0.0122918 
-151.489 2.67938e-05 1.3394 -0.012282 
-151.123 2.68387e-05 1.34389 -0.0122722 
-150.757 2.67767e-05 1.34838 -0.0122624 
-150.391 2.6755e-05 1.35287 -0.0122526 
-150.024 2.67719e-05 1.35735 -0.0122428 
-149.658 2.68108e-05 1.36183 -0.012233 
-149.292 2.67948e-05 1.36631 -0.0122231 
-148.926 2.67674e-05 1.37078 -0.0122133 
-148.56 2.67717e-05 1.37525 -0.0122035 
-148.193 2.67999e-05 1.37971 -0.0121937 
-147.827 2.68235e-05 1.38418 -0.0121839 
-147.461 2.67699e-05 1.38863 -0.0121741 
-147.095 2.67564e-05 1.39309 -0.0121643 
-146.729 2.67758e-05 1.39754 -0.0121545 
-146.362 2.68191e-05 1.40199 -0.0121447 
-145.996 2.6803e-05 1.40643 -0.0121348 
-145.63 2.67698e-05 1.41087 -0.012125 
-145.264 2.67634e-05 1.41531 -0.0121152 
-144.897 2.67959e-05 1.41974 -0.0121054 
-144.531 2.68174e-05 1.42417 -0.0120956 
-144.165 2.67684e-05 1.4286 -0.0120858 
-143.799 2.67605e-05 1.43302 -0.012076 
-143.433 2.67894e-05 1.43744 -0.0120662 
-143.066 2.68229e-05 1.44185 -0.0120564 
-142.7 2.67862e-05 1.44627 -0.0120466 
-142.334 2.67607e-05 1.45067 -0.0120367 
-141.968 2.67638e-05 1.45508 -0.0120269 
-141.602 2.67985e-05 1.45948 -0.0120171 
-141.235 2.6817e-05 1.46388 -0.0120073 
-140.869 2.67794e-05 1.46827 -0.0119975 
-140.503 2.67644e-05 1.47266 -0.0119877 
-140.137 2.6783e-05 1.47705 -0.0119779 
-139.771 2.68218e-05 1.48143 -0.0119681 
-139.404 2.67822e-05 1.48581 -0.0119583 
-139.038 2.67596e-05 1.49018 -0.0119485 
-138.672 2.677e-05 1.49456 -0.0119387 
-138.306 2.68135e-05 1.49892 -0.0119289 
-137.939 2.68172e-05 1.50329 -0.011919 
-137.573 2.67684e-05 1.50765 -0.0119092 
-137.207 2.67563e-05 1.51201 -0.0118994 
-136.841 2.67835e-05 1.51636 -0.0118896 
-136.475 2.68243e-05 1.52071 -0.0118798 
-136.108 2.67805e-05 1.52506 -0.01187 
-135.742 2.67673e-05 1.5294 -0.0118602 
-135.376 2.67747e-05 1.53374 -0.0118504 
-135.01 2.68062e-05 1.53808 -0.0118406 
-134.644 2.68039e-05 1.54241 -0.0118308 
-134.277 2.6765e-05 1.54674 -0.0118209 
-133.911 2.67554e-05 1.55107 -0.0118111 
-133.545 2.67896e-05 1.55539 -0.0118013 
-133.179 2.6839e-05 1.55971 -0.0117915 
-132.812 2.67824e-05 1.56402 -0.0117817 
-132.446 2.67598e-05 1.56833 -0.0117719 
-132.08 2.67715e-05 1.57264 -0.0117621 
-131.714 2.68082e-05 1.57694 -0.0117523 
-131.348 2.67997e-05 1.58124 -0.0117425 
-130.981 2.67676e-05 1.58554 -0.0117327 
-130.615 2.67679e-05 1.58983 -0.0117229 
-130.249 2.67982e-05 1.59412 -0.0117131 
-129.883 2.68286e-05 1.59841 -0.0117032 
-129.517 2.67712e-05 1.60269 -0.0116934 
-129.15 2.67569e-05 1.60697 -0.0116836 
-128.784 2.67726e-05 1.61124 -0.0116738 
-128.418 2.68121e-05 1.61552 -0.011664 
-128.052 2.68033e-05 1.61978 -0.0116542 
-127.686 2.67719e-05 1.62405 -0.0116444 
-127.319 2.67614e-05 1.62831 -0.0116346 
-126.953 2.67927e-05 1.63257 -0.0116248 
-126.587 2.68221e-05 1.63682 -0.011615 
-126.221 2.67696e-05 1.64107 -0.0116051 
-125.854 2.67598e-05 1.64532 -0.0115953 
-125.488 2.67866e-05 1.64956 -0.0115855 
-125.122 2.68244e-05 1.6538 -0.0115757 
-124.756 2.67934e-05 1.65803 -0.0115659 
-124.39 2.67625e-05 1.66226 -0.0115561 
-124.023 2.67614e-05 1.66649 -0.0115463 
-123.657 2.67951e-05 1.67072 -0.0115365 
-123.291 2.68206e-05 1.67494 -0.0115267 
-122.925 2.67793e-05 1.67916 -0.0115169 
-122.559 2.67663e-05 1.68337 -0.011507 
-122.192 2.67802e-05 1.68758 -0.0114972 
-121.826 2.6818e-05 1.69179 -0.0114874 
-121.46 2.67864e-05 1.69599 -0.0114776 
-121.094 2.67586e-05 1.70019 -0.0114678 
-120.728 2.67629e-05 1.70439 -0.011458 
-120.361 2.68079e-05 1.70858 -0.0114482 
-119.995 2.68234e-05 1.71277 -0.0114384 
-119.629 2.677e-05 1.71695 -0.0114286 
-119.263 2.67566e-05 1.72113 -0.0114188 
-118.896 2.67808e-05 1.72531 -0.011409 
-118.53 2.68209e-05 1.72949 -0.0113992 
-118.164 2.6785e-05 1.73366 -0.0113893 
-117.798 2.67701e-05 1.73783 -0.0113795 
-117.432 2.67767e-05 1.74199 -0.0113697 
-117.065 2.68043e-05 1.74615 -0.0113599 
-116.699 2.68095e-05 1.75031 -0.0113501 
-116.333 2.67665e-05 1.75446 -0.0113403 
-115.967 2.67557e-05 1.75861 -0.0113305 
-115.601 2.67859e-05 1.76275 -0.0113207 
-115.234 2.68343e-05 1.7669 -0.0113109 
-114.868 2.67888e-05 1.77103 -0.011301 
-114.502 2.67614e-05 1.77517 -0.0112912 
-114.136 2.67689e-05 1.7793 -0.0112814 
-113.77 2.6803e-05 1.78343 -0.0112716 
-113.403 2.68004e-05 1.78755 -0.0112618 
-113.037 2.67666e-05 1.79167 -0.011252 
-112.671 2.67651e-05 1.79579 -0.0112422 
-112.305 2.67967e-05 1.7999 -0.0112324 
-111.938 2.68298e-05 1.80401 -0.0112226 
-111.572 2.67741e-05 1.80812 -0.0112128 
-111.206 2.67576e-05 1.81222 -0.011203 
-110.84 2.67705e-05 1.81632 -0.0111932 
-110.474 2.68102e-05 1.82042 -0.0111834 
-110.107 2.68099e-05 1.82451 -0.0111735 
-109.741 2.67756e-05 1.8286 -0.0111637 
-109.375 2.67594e-05 1.83268 -0.0111539 
-109.009 2.67893e-05 1.83676 -0.0111441 
-108.643 2.68268e-05 1.84084 -0.0111343 
-108.276 2.67708e-05 1.84491 -0.0111245 
-107.91 2.6759e-05 1.84899 -0.0111147 
-107.544 2.67826e-05 1.85305 -0.0111049 
-107.178 2.68228e-05 1.85711 -0.0110951 
-106.812 2.67986e-05 1.86117 -0.0110852 
-106.445 2.67623e-05 1.86523 -0.0110754 
-106.079 2.67553e-05 1.86928 -0.0110656 
-105.713 2.67901e-05 1.87333 -0.0110558 
-105.347 2.68239e-05 1.87738 -0.011046 
-104.98 2.67791e-05 1.88142 -0.0110362 
-104.614 2.67685e-05 1.88546 -0.0110264 
-104.248 2.67784e-05 1.88949 -0.0110166 
-103.882 2.68149e-05 1.89352 -0.0110068 
-103.516 2.67914e-05 1.89755 -0.010997 
-103.149 2.6762e-05 1.90157 -0.0109871 
-102.783 2.6763e-05 1.90559 -0.0109773 
-102.417 2.68042e-05 1.90961 -0.0109675 
-102.051 2.683e-05 1.91362 -0.0109577 
-101.685 2.67716e-05 1.91763 -0.0109479 
-101.318 2.6757e-05 1.92164 -0.0109381 
-100.952 2.67781e-05 1.92564 -0.0109283 
-100.586 2.68174e-05 1.92964 -0.0109185 
-100.22 2.67887e-05 1.93363 -0.0109087 
-99.8535 2.67698e-05 1.93762 -0.0108989 
-99.4873 2.67755e-05 1.94161 -0.0108891 
-99.1211 2.67999e-05 1.9456 -0.0108793 
-98.7549 2.68109e-05 1.94958 -0.0108694 
-98.3887 2.67655e-05 1.95355 -0.0108596 
-98.0225 2.67555e-05 1.95753 -0.0108498 
-97.6562 2.6782e-05 1.9615 -0.01084 
-97.29 2.68297e-05 1.96546 -0.0108302 
-96.9238 2.67954e-05 1.96942 -0.0108204 
-96.5576 2.67629e-05 1.97338 -0.0108106 
-96.1914 2.67665e-05 1.97734 -0.0108008 
-95.8252 2.68014e-05 1.98129 -0.010791 
-95.459 2.68091e-05 1.98524 -0.0107812 
-95.0928 2.67679e-05 1.98918 -0.0107713 
-94.7266 2.67645e-05 1.99312 -0.0107615 
-94.3604 2.6796e-05 1.99706 -0.0107517 
-93.9941 2.68271e-05 2.001 -0.0107419 
-93.6279 2.6779e-05 2.00493 -0.0107321 
-93.2617 2.67588e-05 2.00885 -0.0107223 
-92.8955 2.6768e-05 2.01278 -0.0107125 
-92.5293 2.68057e-05 2.01669 -0.0107027 
-92.1631 2.68132e-05 2.02061 -0.0106929 
-91.7969 2.67774e-05 2.02452 -0.0106831 
-91.4307 2.67558e-05 2.02843 -0.0106732 
-91.0645 2.67837e-05 2.03234 -0.0106635 
-90.6982 2.68266e-05 2.03624 -0.0106536 
-90.332 2.67737e-05 2.04014 -0.0106438 
-89.9658 2.67587e-05 2.04403 -0.010634 
-89.5996 2.67786e-05 2.04792 -0.0106242 
-89.2334 2.68209e-05 2.05181 -0.0106144 
-88.8672 2.68037e-05 2.05569 -0.0106046 
-88.501 2.6765e-05 2.05957 -0.0105948 
-88.1348 2.67565e-05 2.06345 -0.010585 
-87.7686 2.67883e-05 2.06732 -0.0105752 
-87.4023 2.68281e-05 2.07119 -0.0105654 
-87.0361 2.67793e-05 2.07506 -0.0105555 
-86.6699 2.67706e-05 2.07892 -0.0105457 
-86.3037 2.67762e-05 2.08278 -0.0105359 
-85.9375 2.68116e-05 2.08663 -0.0105261 
-85.5713 2.67962e-05 2.09048 -0.0105163 
-85.2051 2.67631e-05 2.09433 -0.0105065 
-84.8389 2.67595e-05 2.09817 -0.0104967 
-84.4727 2.67989e-05 2.10201 -0.0104869 
-84.1064 2.68339e-05 2.10585 -0.0104771 
-83.7402 2.67701e-05 2.10968 -0.0104672 
-83.374 2.67566e-05 2.11351 -0.0104574 
-83.0078 2.67753e-05 2.11734 -0.0104476 
-82.6416 2.68139e-05 2.12116 -0.0104378 
-82.2754 2.67924e-05 2.12498 -0.010428 
-81.9092 2.67699e-05 2.1288 -0.0104182 
-81.543 2.67751e-05 2.13261 -0.0104084 
-81.1768 2.67982e-05 2.13642 -0.0103986 
-80.8105 2.68191e-05 2.14022 -0.0103888 
-80.4443 2.67689e-05 2.14402 -0.010379 
-80.0781 2.67563e-05 2.14782 -0.0103692 
-79.7119 2.67785e-05 2.15161 -0.0103594 
-79.3457 2.6825e-05 2.1554 -0.0103496 
-78.9795 2.68017e-05 2.15919 -0.0103397 
-78.6133 2.67645e-05 2.16297 -0.0103299 
-78.2471 2.67641e-05 2.16675 -0.0103201 
-77.8809 2.6798e-05 2.17053 -0.0103103 
-77.5146 2.68138e-05 2.1743 -0.0103005 
-77.1484 2.67677e-05 2.17807 -0.0102907 
-76.7822 2.67612e-05 2.18183 -0.0102809 
-76.416 2.67913e-05 2.18559 -0.0102711 
-76.0498 2.68231e-05 2.18935 -0.0102613 
-75.6836 2.67835e-05 2.19311 -0.0102514 
-75.3174 2.676e-05 2.19686 -0.0102416 
-74.9512 2.67655e-05 2.2006 -0.0102318 
-74.585 2.68013e-05 2.20435 -0.010222 
-74.2188 2.68167e-05 2.20809 -0.0102122 
-73.8525 2.67813e-05 2.21182 -0.0102024 
-73.4863 2.67594e-05 2.21556 -0.0101926 
-73.1201 2.67837e-05 2.21928 -0.0101828 
-72.7539 2.68238e-05 2.22301 -0.010173 
-72.3877 2.67786e-05 2.22673 -0.0101632 
-72.0215 2.67591e-05 2.23045 -0.0101534 
-71.6553 2.67751e-05 2.23416 -0.0101436 
-71.2891 2.68193e-05 2.23788 -0.0101337 
-70.9229 2.68088e-05 2.24158 -0.0101239 
-70.5566 2.67663e-05 2.24529 -0.0101141 
-70.1904 2.67557e-05 2.24899 -0.0101043 
-69.8242 2.67853e-05 2.25268 -0.0100945 
-69.458 2.68248e-05 2.25638 -0.0100847 
-69.0918 2.67769e-05 2.26007 -0.0100749 
-68.7256 2.67719e-05 2.26375 -0.0100651 
-68.3594 2.67737e-05 2.26743 -0.0100553 
-67.9932 2.68082e-05 2.27111 -0.0100455 
-67.627 2.68009e-05 2.27479 -0.0100356 
-67.2607 2.67644e-05 2.27846 -0.0100258 
-66.8945 2.67562e-05 2.28213 -0.010016 
-66.5283 2.67949e-05 2.28579 -0.0100062 
-66.1621 2.68427e-05 2.28945 -0.00999642 
-65.7959 2.67749e-05 2.29311 -0.00998659 
-65.4297 2.67578e-05 2.29676 -0.00997678 
-65.0635 2.67728e-05 2.30041 -0.00996698 
-64.6973 2.68105e-05 2.30406 -0.00995718 
-64.3311 2.67963e-05 2.3077 -0.00994736 
-63.9648 2.67698e-05 2.31134 -0.00993755 
-63.5986 2.67736e-05 2.31498 -0.00992774 
-63.2324 2.67955e-05 2.31861 -0.00991794 
-62.8662 2.6824e-05 2.32224 -0.00990813 
-62.5 2.67701e-05 2.32586 -0.0098983 
-62.1338 2.67551e-05 2.32949 -0.0098885 
-61.7676 2.67713e-05 2.3331 -0.0098787 
-61.4014 2.68186e-05 2.33672 -0.0098689 
-61.0352 2.68065e-05 2.34033 -0.00985908 
-60.6689 2.67665e-05 2.34393 -0.00984926 
-60.3027 2.67618e-05 2.34754 -0.00983946 
-59.9365 2.67947e-05 2.35114 -0.00982966 
-59.5703 2.68186e-05 2.35473 -0.00981985 
-59.2041 2.67687e-05 2.35833 -0.00981002 
-58.8379 2.67626e-05 2.36192 -0.00980022 
-58.4717 2.67924e-05 2.3655 -0.00979042 
-58.1055 2.68216e-05 2.36908 -0.00978061 
-57.7393 2.67887e-05 2.37266 -0.00977079 
-57.373 2.67613e-05 2.37624 -0.00976098 
-57.0068 2.67631e-05 2.37981 -0.00975118 
-56.6406 2.67976e-05 2.38337 -0.00974138 
-56.2744 2.68204e-05 2.38694 -0.00973156 
-55.9082 2.67823e-05 2.3905 -0.00972174 
-55.542 2.6761e-05 2.39405 -0.00971193 
-55.1758 2.67813e-05 2.39761 -0.00970213 
-54.8096 2.68192e-05 2.40116 -0.00969232 
-54.4434 2.678e-05 2.4047 -0.0096825 
-54.0771 2.67579e-05 2.40824 -0.0096727 
-53.7109 2.67709e-05 2.41178 -0.0096629 
-53.3447 2.68151e-05 2.41532 -0.00965309 
-52.9785 2.6815e-05 2.41885 -0.00964327 
-52.6123 2.67678e-05 2.42238 -0.00963345 
-52.2461 2.67561e-05 2.4259 -0.00962365 
-51.8799 2.67827e-05 2.42942 -0.00961385 
-51.5137 2.68233e-05 2.43294 -0.00960404 
-51.1475 2.67847e-05 2.43645 -0.00959422 
-50.7812 2.67731e-05 2.43996 -0.00958441 
-50.415 2.67731e-05 2.44347 -0.00957461 
-50.0488 2.68052e-05 2.44697 -0.0095648 
-49.6826 2.68057e-05 2.45047 -0.00955499 
-49.3164 2.67655e-05 2.45397 -0.00954517 
-48.9502 2.67555e-05 2.45746 -0.00953537 
-48.584 2.67909e-05 2.46095 -0.00952557 
-48.2178 2.68406e-05 2.46443 -0.00951576 
-47.8516 2.67802e-05 2.46791 -0.00950593 
-47.4854 2.67582e-05 2.47139 -0.00949612 
-47.1191 2.67674e-05 2.47486 -0.00948632 
-46.7529 2.68046e-05 2.47834 -0.00947652 
-46.3867 2.68004e-05 2.4818 -0.00946671 
-46.0205 2.67698e-05 2.48527 -0.00945689 
-45.6543 2.67698e-05 2.48872 -0.00944709 
-45.2881 2.67938e-05 2.49218 -0.00943728 
-44.9219 2.68291e-05 2.49563 -0.00942747 
-44.5557 2.67714e-05 2.49908 -0.00941765 
-44.1895 2.6757e-05 2.50253 -0.00940784 
-43.8232 2.67724e-05 2.50597 -0.00939804 
-43.457 2.68157e-05 2.50941 -0.00938824 
-43.0908 2.68104e-05 2.51284 -0.00937842 
-42.7246 2.67695e-05 2.51627 -0.0093686 
-42.3584 2.67598e-05 2.5197 -0.0093588 
-41.9922 2.67914e-05 2.52312 -0.009349 
-41.626 2.68233e-05 2.52654 -0.00933919 
-41.2598 2.67699e-05 2.52996 -0.00932936 
-40.8936 2.67619e-05 2.53337 -0.00931956 
-40.5273 2.67884e-05 2.53678 -0.00930976 
-40.1611 2.68193e-05 2.54019 -0.00929995 
-39.7949 2.67913e-05 2.54359 -0.00929013 
-39.4287 2.67595e-05 2.54699 -0.00928032 
-39.0625 2.67599e-05 2.55038 -0.00927052 
-38.6963 2.6794e-05 2.55378 -0.00926072 
-38.3301 2.6824e-05 2.55716 -0.00925091 
-37.9639 2.67822e-05 2.56055 -0.00924108 
-37.5977 2.6763e-05 2.56393 -0.00923128 
-37.2314 2.67791e-05 2.5673 -0.00922147 
-36.8652 2.68171e-05 2.57068 -0.00921167 
-36.499 2.6788e-05 2.57405 -0.00920185 
-36.1328 2.67611e-05 2.57741 -0.00919204 
-35.7666 2.67679e-05 2.58078 -0.00918224 
-35.4004 2.68105e-05 2.58414 -0.00917243 
-35.0342 2.68214e-05 2.58749 -0.00916262 
-34.668 2.67694e-05 2.59084 -0.00915279 
-34.3018 2.67564e-05 2.59419 -0.00914299 
-33.9355 2.678e-05 2.59754 -0.00913319 
-33.5693 2.68199e-05 2.60088 -0.00912339 
-33.2031 2.67884e-05 2.60421 -0.00911356 
-32.8369 2.67727e-05 2.60755 -0.00910375 
-32.4707 2.67702e-05 2.61088 -0.00909395 
-32.1045 2.67987e-05 2.61421 -0.00908415 
-31.7383 2.68096e-05 2.61753 -0.00907433 
-31.3721 2.67665e-05 2.62085 -0.00906451 
-31.0059 2.67557e-05 2.62416 -0.00905471 
-30.6396 2.67872e-05 2.62748 -0.00904491 
-30.2734 2.68359e-05 2.63079 -0.0090351 
-29.9072 2.67866e-05 2.63409 -0.00902528 
-29.541 2.67607e-05 2.63739 -0.00901547 
-29.1748 2.67679e-05 2.64069 -0.00900567 
-28.8086 2.68038e-05 2.64398 -0.00899586 
-28.4424 2.68057e-05 2.64728 -0.00898605 
-28.0762 2.67701e-05 2.65056 -0.00897623 
-27.71 2.67681e-05 2.65385 -0.00896643 
-27.3438 2.67926e-05 2.65713 -0.00895663 
-26.9775 2.68282e-05 2.6604 -0.00894681 
-26.6113 2.67753e-05 2.66368 -0.00893699 
-26.2451 2.67579e-05 2.66694 -0.00892718 
-25.8789 2.67698e-05 2.67021 -0.00891738 
-25.5127 2.68113e-05 2.67347 -0.00890758 
-25.1465 2.6812e-05 2.67673 -0.00889776 
-24.7803 2.67683e-05 2.67999 -0.00888794 
-24.4141 2.67567e-05 2.68324 -0.00887814 
-24.0479 2.67878e-05 2.68648 -0.00886834 
-23.6816 2.6828e-05 2.68973 -0.00885853 
-23.3154 2.67711e-05 2.69297 -0.00884871 
-22.9492 2.67612e-05 2.69621 -0.0088389 
-22.583 2.67844e-05 2.69944 -0.0088291 
-22.2168 2.68182e-05 2.70267 -0.0088193 
-21.8506 2.6799e-05 2.7059 -0.00880947 
-21.4844 2.67638e-05 2.70912 -0.00879966 
-21.1182 2.67582e-05 2.71234 -0.00878986 
-20.752 2.67908e-05 2.71555 -0.00878006 
-20.3857 2.68277e-05 2.71876 -0.00877025 
-20.0195 2.67821e-05 2.72197 -0.00876042 
-19.6533 2.6765e-05 2.72518 -0.00875062 
-19.2871 2.67768e-05 2.72838 -0.00874082 
-18.9209 2.68137e-05 2.73157 -0.00873101 
-18.5547 2.67927e-05 2.73477 -0.00872119 
-18.1885 2.67623e-05 2.73796 -0.00871138 
-17.8223 2.67629e-05 2.74115 -0.00870158 
-17.4561 2.68021e-05 2.74433 -0.00869178 
-17.0898 2.68264e-05 2.74751 -0.00868196 
-16.7236 2.67707e-05 2.75068 -0.00867214 
-16.3574 2.67568e-05 2.75386 -0.00866233 
-15.9912 2.67773e-05 2.75702 -0.00865254 
-15.625 2.68164e-05 2.76019 -0.00864273 
-15.2588 2.67921e-05 2.76335 -0.00863291 
-14.8926 2.67729e-05 2.76651 -0.0086231 
-14.5264 2.67716e-05 2.76966 -0.00861329 
-14.1602 2.67993e-05 2.77281 -0.00860349 
-13.7939 2.68154e-05 2.77596 -0.00859367 
-13.4277 2.67679e-05 2.7791 -0.00858385 
-13.0615 2.67561e-05 2.78224 -0.00857405 
-12.6953 2.67834e-05 2.78538 -0.00856425 
-12.3291 2.68312e-05 2.78851 -0.00855445 
-11.9629 2.6793e-05 2.79164 -0.00854462 
-11.5967 2.67623e-05 2.79477 -0.00853481 
-11.2305 2.67656e-05 2.79789 -0.00852501 
-10.8643 2.68004e-05 2.80101 -0.00851521 
-10.498 2.68092e-05 2.80412 -0.00850539 
-10.1318 2.67669e-05 2.80723 -0.00849557 
-9.76562 2.67652e-05 2.81034 -0.00848577 
-9.39941 2.67911e-05 2.81345 -0.00847597 
-9.0332 2.68251e-05 2.81655 -0.00846616 
-8.66699 2.678e-05 2.81964 -0.00845633 
-8.30078 2.67591e-05 2.82274 -0.00844653 
-7.93457 2.67673e-05 2.82583 -0.00843673 
-7.56836 2.68069e-05 2.82891 -0.00842693 
-7.20215 2.67962e-05 2.83199 -0.00841711 
-6.83594 2.66239e-05 2.83507 -0.0084073 
-6.46973 2.6415e-05 2.83815 -0.00839755 
-6.10352 2.64402e-05 2.84122 -0.00838787 
-5.7373 2.65901e-05 2.84429 -0.00837819 
-5.37109 2.67208e-05 2.84735 -0.00836845 
-5.00488 2.69517e-05 2.85041 -0.00835867 
-4.63867 2.76718e-05 2.85347 -0.0083488 
-4.27246 2.98682e-05 2.85653 -0.00833866 
-3.90625 3.23601e-05 2.85958 -0.00832773 
-3.54004 3.25591e-05 2.86262 -0.00831587 
-3.17383 3.16401e-05 2.86566 -0.00830395 
-2.80762 2.99821e-05 2.8687 -0.00829236 
-2.44141 2.76332e-05 2.87173 -0.00828138 
-2.0752 2.58232e-05 2.87476 -0.00827126 
-1.70898 2.67767e-05 2.87779 -0.00826181 
-1.34277 2.64861e-05 2.88081 -0.008252 
-0.976562 2.03573e-05 2.88383 -0.0082423 
-0.610352 1.09233e-05 2.88684 -0.00823485 
-0.244141 -1.09784e-06 2.88986 -0.00823085 
0.12207 -1.54808e-05 2.89287 -0.00823125 
0.488281 -3.30878e-05 2.89589 -0.00823692 
0.854492 -5.47759e-05 2.89891 -0.00824904 
1.2207 -7.78294e-05 2.90194 -0.0082691 
1.58691 -0.000100786 2.90497 -0.0082976 
1.95312 -0.000124773 2.90803 -0.00833451 
2.31934 -0.000150143 2.9111 -0.0083802 
2.68555 -0.000177104 2.91418 -0.00843518 
3.05176 -0.000208284 2.9173 -0.00850004 
3.41797 -0.000244953 2.92044 -0.00857632 
3.78418 -0.000278877 2.92361 -0.00866602 
4.15039 -0.000309145 2.92682 -0.00876815 
4.5166 -0.000338139 2.93008 -0.00888136 
4.88281 -0.000366283 2.93337 -0.00900519 
5.24902 -0.000393048 2.93672 -0.00913933 
5.61523 -0.000410134 2.94012 -0.00928327 
5.98145 -0.000416485 2.94357 -0.00943346 
6.34766 -0.000437648 2.94708 -0.00958599 
6.71387 -0.0004713 2.95065 -0.00974626 
7.08008 -0.000512084 2.95429 -0.00991885 
7.44629 -0.000558645 2.95799 -0.0101064 
7.8125 -0.000609502 2.96176 -0.010311 
8.17871 -0.00065754 2.96562 -0.0105342 
8.54492 -0.000704426 2.96957 -0.010775 
8.91113 -0.000770941 2.97361 -0.0110329 
9.27734 -0.000852236 2.97775 -0.0113153 
9.64355 -0.00094473 2.98201 -0.0116274 
10.0098 -0.00104755 2.98639 -0.0119733 
10.376 -0.00116072 2.99092 -0.012357 
10.7422 -0.00128509 2.9956 -0.012782 
11.1084 -0.00141993 3.00045 -0.0132526 
11.4746 -0.00156306 3.0055 -0.0137726 
11.8408 -0.00171525 3.01075 -0.014345 
12.207 -0.00187692 3.01623 -0.0149732 
12.5732 -0.0020481 3.02197 -0.0156605 
12.9395 -0.00222674 3.02798 -0.0164106 
13.3057 -0.00240854 3.03429 -0.017226 
13.6719 -0.00259949 3.04092 -0.0181081 
14.0381 -0.00281022 3.0479 -0.01906 
14.4043 -0.00303563 3.05526 -0.0200892 
14.7705 -0.00327421 3.06302 -0.0212008 
15.1367 -0.00352571 3.07122 -0.0223999 
15.5029 -0.00378651 3.0799 -0.0236911 
15.8691 -0.00405184 3.08908 -0.0250777 
16.2354 -0.00433254 3.09881 -0.0265615 
16.6016 -0.00463805 3.10912 -0.0281482 
16.9678 -0.00496225 3.12005 -0.0298467 
17.334 -0.00530359 3.13164 -0.0316639 
17.7002 -0.00566175 3.14395 -0.0336061 
18.0664 -0.00603428 3.15702 -0.0356795 
18.4326 -0.00641919 3.17089 -0.0378893 
18.7988 -0.00682399 3.18563 -0.0402401 
19.165 -0.00725121 3.20128 -0.0427391 
19.5312 -0.00769806 3.2179 -0.0453946 
19.8975 -0.00816383 3.23556 -0.0482137 
20.2637 -0.00864863 3.25431 -0.0512034 
20.6299 -0.00915551 3.27422 -0.0543706 
20.9961 -0.0096854 3.29536 -0.0577235 
21.3623 -0.0102289 3.3178 -0.0612704 
21.7285 -0.0107858 3.34161 -0.0650163 
22.0947 -0.0113583 3.36687 -0.0689662 
22.4609 -0.0119471 3.39364 -0.0731257 
22.8271 -0.0125539 3.42203 -0.0775009 
23.1934 -0.0131924 3.45209 -0.0820983 
23.5596 -0.0138627 3.48393 -0.0869295 
23.9258 -0.0145231 3.51762 -0.0920062 
24.292 -0.0151798 3.55326 -0.0973247 
24.6582 -0.0158409 3.59094 -0.102884 
25.0244 -0.0165082 3.63074 -0.108685 
25.3906 -0.0171873 3.67276 -0.11473 
25.7568 -0.0179022 3.71708 -0.121025 
26.123 -0.0186432 3.7638 -0.12758 
26.4893 -0.0193408 3.81302 -0.134408 
26.8555 -0.0200146 3.86483 -0.141491 
27.2217 -0.0206753 3.91933 -0.14882 
27.5879 -0.021326 3.97661 -0.156392 
27.9541 -0.0219752 4.03674 -0.164202 
28.3203 -0.022647 4.09982 -0.172249 
28.6865 -0.0233194 4.16593 -0.180543 
29.0527 -0.0239288 4.23518 -0.189083 
29.4189 -0.0245002 4.30763 -0.197846 
29.7852 -0.0250427 4.38337 -0.206818 
30.1514 -0.0255586 4.46247 -0.215989 
30.5176 -0.026054 4.54499 -0.225349 
30.8838 -0.02654 4.63101 -0.23489 
31.25 -0.0269988 4.72059 -0.244609 
31.6162 -0.0274061 4.81379 -0.254496 
31.9824 -0.0277746 4.91067 -0.264533 
32.3486 -0.0281079 5.01126 -0.274704 
32.7148 -0.028407 5.11563 -0.284997 
33.0811 -0.0286682 5.22381 -0.2954 
33.4473 -0.0288876 5.33584 -0.305899 
33.8135 -0.0290769 5.45173 -0.316478 
34.1797 -0.029243 5.57153 -0.327126 
34.5459 -0.0293808 5.69525 -0.337835 
34.9121 -0.0294889 5.82291 -0.348595 
35.2783 -0.0295663 5.95452 -0.359394 
35.6445 -0.029601 6.0901 -0.370222 
36.0107 -0.0295839 6.22965 -0.381062 
36.377 -0.0295555 6.37317 -0.391896 
36.7432 -0.0295247 6.52065 -0.402719 
37.1094 -0.0294781 6.67209 -0.413531 
37.4756 -0.0294127 6.82748 -0.424327 
37.8418 -0.0293276 6.98682 -0.435098 
38.208 -0.0292078 7.15009 -0.445838 
38.5742 -0.0290497 7.31728 -0.456534 
38.9404 -0.0288962 7.48836 -0.467173 
39.3066 -0.028748 7.66332 -0.477755 
39.6729 -0.0285913 7.84213 -0.488283 
40.0391 -0.0284266 8.02478 -0.498753 
40.4053 -0.0282517 8.21124 -0.509163 
40.7715 -0.0280569 8.40149 -0.519509 
41.1377 -0.0278423 8.59551 -0.529784 
41.5039 -0.0276382 8.79325 -0.53998 
41.8701 -0.0274292 8.99471 -0.550102 
42.2363 -0.0272233 9.19984 -0.560146 
42.6025 -0.0270237 9.40862 -0.570116 
42.9688 -0.0268163 9.62103 -0.580012 
43.335 -0.0265915 9.83703 -0.589833 
43.7012 -0.0263479 10.0566 -0.599571 
44.0674 -0.026157 10.2797 -0.60922 
44.4336 -0.0259355 10.5063 -0.618799 
44.7998 -0.0256912 10.7364 -0.628296 
45.166 -0.025458 10.9699 -0.637705 
45.5322 -0.0252638 11.2069 -0.647028 
45.8984 -0.0250478 11.4472 -0.65628 
46.2646 -0.0248267 11.6909 -0.665452 
46.6309 -0.0246063 11.9379 -0.674544 
46.9971 -0.024387 12.1883 -0.683555 
47.3633 -0.0241687 12.4419 -0.692486 
47.7295 -0.0239514 12.6987 -0.701337 
48.0957 -0.0237349 12.9588 -0.710108 
48.4619 -0.023519 13.222 -0.7188 
48.8281 -0.0233042 13.4884 -0.727413 
49.1943 -0.0230913 13.7579 -0.735947 
49.5605 -0.0228798 14.0305 -0.744404 
49.9268 -0.0226697 14.3062 -0.752783 
50.293 -0.0224609 14.5849 -0.761084 
50.6592 -0.0222533 14.8666 -0.76931 
51.0254 -0.0220466 15.1513 -0.777459 
51.3916 -0.0218414 15.439 -0.785533 
51.7578 -0.0216381 15.7296 -0.793532 
52.124 -0.0214361 16.0231 -0.801456 
52.4902 -0.0212356 16.3195 -0.809306 
52.8564 -0.0210366 16.6187 -0.817083 
53.2227 -0.0208389 16.9208 -0.824786 
53.5889 -0.0206426 17.2256 -0.832418 
53.9551 -0.0204478 17.5332 -0.839977 
54.3213 -0.0202547 17.8436 -0.847466 
54.6875 -0.020063 18.1566 -0.854883 
55.0537 -0.0198727 18.4724 -0.86223 
55.4199 -0.0196841 18.7908 -0.869508 
55.7861 -0.0194969 19.1119 -0.876716 
56.1523 -0.0193113 19.4355 -0.883856 
56.5186 -0.0191271 19.7618 -0.890928 
56.8848 -0.0189443 20.0906 -0.897933 
57.251 -0.0187629 20.422 -0.904871 
57.6172 -0.018583 20.7559 -0.911742 
57.9834 -0.0184046 21.0923 -0.918547 
58.3496 -0.0182276 21.4311 -0.925287 
58.7158 -0.0180523 21.7724 -0.931962 
59.082 -0.0178782 22.1161 -0.938573 
59.4482 -0.0177055 22.4623 -0.94512 
59.8145 -0.0175343 22.8107 -0.951604 
60.1807 -0.0173644 23.1616 -0.958025 
60.5469 -0.0171959 23.5148 -0.964385 
60.9131 -0.0170291 23.8702 -0.970682 
61.2793 -0.0168635 24.228 -0.976918 
61.6455 -0.0166994 24.588 -0.983094 
62.0117 -0.0165365 24.9503 -0.989209 
62.3779 -0.016375 25.3147 -0.995265 
62.7441 -0.0162149 25.6814 -1.00126 
63.1104 -0.0160563 26.0503 -1.0072 
63.4766 -0.0158992 26.4213 -1.01308 
63.8428 -0.0157435 26.7944 -1.0189 
64.209 -0.0155888 27.1696 -1.02467 
64.5752 -0.0154353 27.547 -1.03038 
64.9414 -0.0152831 27.9264 -1.03603 
65.3076 -0.0151321 28.3078 -1.04163 
65.6738 -0.0149825 28.6913 -1.04717 
66.04 -0.0148342 29.0768 -1.05265 
66.4062 -0.0146873 29.4643 -1.05809 
66.7725 -0.0145412 29.8538 -1.06347 
67.1387 -0.0143963 30.2452 -1.06879 
67.5049 -0.0142526 30.6385 -1.07406 
67.8711 -0.01411 31.0337 -1.07928 
68.2373 -0.0139686 31.4309 -1.08445 
68.6035 -0.0138287 31.8299 -1.08956 
68.9697 -0.0136897 32.2307 -1.09463 
69.3359 -0.0135517 32.6334 -1.09964 
69.7021 -0.0134148 33.038 -1.1046 
70.0684 -0.013279 33.4443 -1.10952 
70.4346 -0.0131443 33.8524 -1.11438 
70.8008 -0.0130109 34.2622 -1.11919 
71.167 -0.0128787 34.6738 -1.12396 
71.5332 -0.0127474 35.0872 -1.12868 
71.8994 -0.0126169 35.5022 -1.13334 
72.2656 -0.0124874 35.919 -1.13796 
72.6318 -0.0123589 36.3374 -1.14254 
72.998 -0.0122314 36.7574 -1.14706 
73.3643 -0.012105 37.1791 -1.15154 
73.7305 -0.0119797 37.6025 -1.15598 
74.0967 -0.0118552 38.0274 -1.16036 
74.4629 -0.0117315 38.4539 -1.1647 
74.8291 -0.0116086 38.882 -1.169 
75.1953 -0.0114867 39.3117 -1.17325 
75.5615 -0.0113656 39.7429 -1.17746 
75.9277 -0.0112455 40.1756 -1.18162 
76.2939 -0.0111263 40.6098 -1.18574 
76.6602 -0.0110079 41.0456 -1.18981 
77.0264 -0.0108903 41.4828 -1.19384 
77.3926 -0.0107736 41.9214 -1.19783 
77.7588 -0.0106577 42.3615 -1.20178 
78.125 -0.0105427 42.8031 -1.20568 
78.4912 -0.0104287 43.246 -1.20954 
78.8574 -0.0103157 43.6904 -1.21336 
79.2236 -0.0102032 44.1361 -1.21714 
79.5898 -0.0100914 44.5832 -1.22087 
79.9561 -0.00998034 45.0316 -1.22457 
80.3223 -0.00987007 45.4814 -1.22823 
80.6885 -0.00976061 45.9325 -1.23184 
81.0547 -0.00965213 46.385 -1.23541 
81.4209 -0.00954441 46.8387 -1.23895 
81.7871 -0.00943709 47.2937 -1.24244 
82.1533 -0.00933041 47.7499 -1.2459 
82.5195 -0.00922441 48.2074 -1.24932 
82.8857 -0.00911905 48.6662 -1.25269 
83.252 -0.00901443 49.1262 -1.25603 
83.6182 -0.00891055 49.5874 -1.25934 
83.9844 -0.00880729 50.0497 -1.2626 
84.3506 -0.00870455 50.5133 -1.26582 
84.7168 -0.00860244 50.978 -1.26901 
85.083 -0.00850084 51.4439 -1.27216 
85.4492 -0.00839996 51.9109 -1.27528 
85.8154 -0.00829972 52.3791 -1.27835 
86.1816 -0.00820022 52.8483 -1.28139 
86.5479 -0.00810122 53.3187 -1.28439 
86.9141 -0.00800264 53.7901 -1.28736 
87.2803 -0.00790472 54.2626 -1.29029 
87.6465 -0.00780718 54.7362 -1.29319 
88.0127 -0.00771027 55.2109 -1.29605 
88.3789 -0.00761405 55.6865 -1.29887 
88.7451 -0.00751844 56.1632 -1.30166 
89.1113 -0.00742321 56.6409 -1.30441 
89.4775 -0.00732842 57.1196 -1.30713 
89.8438 -0.00723418 57.5992 -1.30981 
90.21 -0.00714044 58.0799 -1.31246 
90.5762 -0.00704713 58.5615 -1.31508 
90.9424 -0.00695446 59.044 -1.31766 
91.3086 -0.00686244 59.5275 -1.3202 
91.6748 -0.00677072 60.0119 -1.32272 
92.041 -0.00667931 60.4972 -1.3252 
92.4072 -0.00658835 60.9834 -1.32764 
92.7734 -0.00649791 61.4705 -1.33006 
93.1396 -0.0064079 61.9584 -1.33244 
93.5059 -0.00631835 62.4472 -1.33478 
93.8721 -0.00622935 62.9369 -1.3371 
94.2383 -0.00614064 63.4274 -1.33938 
94.6045 -0.00605228 63.9187 -1.34163 
94.9707 -0.00596423 64.4108 -1.34384 
95.3369 -0.00587659 64.9038 -1.34603 
95.7031 -0.0057894 65.3975 -1.34818 
96.0693 -0.00570261 65.892 -1.3503 
96.4355 -0.00561622 66.3872 -1.35239 
96.8018 -0.00553013 66.8832 -1.35444 
97.168 -0.0054444 67.38 -1.35647 
97.5342 -0.00535899 67.8775 -1.35846 
97.9004 -0.00527398 68.3757 -1.36043 
98.2666 -0.00518936 68.8746 -1.36236 
98.6328 -0.00510516 69.3742 -1.36426 
98.999 -0.00502135 69.8745 -1.36613 
99.3652 -0.00493775 70.3754 -1.36797 
99.7314 -0.00485446 70.8771 -1.36977 
100.098 -0.00477143 71.3793 -1.37155 
100.464 -0.00468878 71.8823 -1.3733 
100.83 -0.00460651 72.3858 -1.37502 
101.196 -0.00452477 72.89 -1.3767 
101.562 -0.0044431 73.3947 -1.37836 
101.929 -0.0043617 73.9001 -1.37999 
102.295 -0.00428053 74.4061 -1.38158 
102.661 -0.00419956 74.9126 -1.38315 
103.027 -0.0041189 75.4197 -1.38469 
103.394 -0.0040385 75.9273 -1.3862 
103.76 -0.0039585 76.4355 -1.38768 
104.126 -0.00387864 76.9442 -1.38913 
104.492 -0.00379899 77.4534 -1.39055 
104.858 -0.00371947 77.9632 -1.39194 
105.225 -0.00364024 78.4734 -1.3933 
105.591 -0.00356126 78.9842 -1.39463 
105.957 -0.0034825 79.4954 -1.39594 
106.323 -0.00340393 80.007 -1.39721 
106.689 -0.00332563 80.5192 -1.39846 
107.056 -0.00324752 81.0318 -1.39968 
107.422 -0.00316951 81.5448 -1.40087 
107.788 -0.00309178 82.0582 -1.40203 
108.154 -0.00301428 82.5721 -1.40316 
108.521 -0.00293697 83.0863 -1.40426 
108.887 -0.00286002 83.601 -1.40534 
109.253 -0.0027831 84.116 -1.40639 
109.619 -0.00270628 84.6314 -1.40741 
109.985 -0.00262958 85.1472 -1.4084 
110.352 -0.00255308 85.6633 -1.40936 
110.718 -0.00247677 86.1798 -1.41029 
111.084 -0.00240063 86.6966 -1.4112 
111.45 -0.00232461 87.2137 -1.41208 
111.816 -0.00224877 87.7311 -1.41293 
112.183 -0.00217297 88.2488 -1.41376 
112.549 -0.00209733 88.7669 -1.41455 
112.915 -0.0020218 89.2852 -1.41532 
113.281 -0.00194644 89.8037 -1.41606 
113.647 -0.00187118 90.3226 -1.41677 
114.014 -0.00179614 90.8417 -1.41746 
114.38 -0.00172114 91.361 -1.41812 
114.746 -0.0016462 91.8806 -1.41875 
115.112 -0.00157138 92.4003 -1.41935 
115.479 -0.00149666 92.9203 -1.41992 
115.845 -0.0014221 93.4405 -1.42047 
116.211 -0.00134771 93.9609 -1.42099 
116.577 -0.00127342 94.4815 -1.42149 
116.943 -0.00119909 95.0022 -1.42195 
117.31 -0.00112477 95.5231 -1.42239 
117.676 -0.00105055 96.0442 -1.4228 
118.042 -0.000976311 96.5653 -1.42319 
118.408 -0.000902189 97.0867 -1.42355 
118.774 -0.000828186 97.6081 -1.42388 
119.141 -0.000754175 98.1296 -1.42418 
119.507 -0.00068019 98.6513 -1.42446 
119.873 -0.000606195 99.173 -1.42471 
120.239 -0.000532216 99.6949 -1.42493 
120.605 -0.000458313 100.217 -1.42512 
120.972 -0.000384422 100.739 -1.42529 
121.338 -0.000310626 101.261 -1.42543 
121.704 -0.000236809 101.783 -1.42554 
122.07 -0.000162994 102.305 -1.42563 
122.437 -8.91718e-05 102.827 -1.42569 
122.803 -1.53986e-05 103.349 -1.42572 
123.169 5.84108e-05 103.871 -1.42573 
123.535 0.000132099 104.393 -1.42571 
123.901 0.000205665 104.915 -1.42566 
124.268 0.000279444 105.437 -1.42558 
124.634 0.000353228 105.959 -1.42548 
125 0.000427055 106.481 -1.42535 
125.366 0.000500968 107.003 -1.4252 
125.732 0.000574888 107.525 -1.42501 
126.099 0.000648769 108.047 -1.4248 
126.465 0.000722697 108.569 -1.42456 
126.831 0.000796704 109.09 -1.4243 
127.197 0.000870812 109.612 -1.42401 
127.563 0.00094494 110.133 -1.42369 
127.93 0.0010192 110.654 -1.42334 
128.296 0.00109345 111.176 -1.42297 
128.662 0.00116769 111.696 -1.42257 
129.028 0.00124198 112.217 -1.42214 
129.395 0.00131643 112.738 -1.42169 
129.761 0.00139102 113.258 -1.42121 
130.127 0.00146562 113.779 -1.4207 
130.493 0.00154032 114.299 -1.42016 
130.859 0.0016151 114.819 -1.41959 
131.226 0.00168981 115.338 -1.419 
131.592 0.00176472 115.858 -1.41838 
131.958 0.0018398 116.377 -1.41774 
132.324 0.00191499 116.896 -1.41706 
132.69 0.00199026 117.415 -1.41636 
133.057 0.00206571 117.933 -1.41563 
133.423 0.00214129 118.451 -1.41488 
133.789 0.00221682 118.969 -1.41409 
134.155 0.00229252 119.486 -1.41328 
134.521 0.00236849 120.004 -1.41244 
134.888 0.00244462 120.521 -1.41157 
135.254 0.00252091 121.037 -1.41068 
135.62 0.00259732 121.554 -1.40976 
135.986 0.00267395 122.069 -1.40881 
136.353 0.00275057 122.585 -1.40783 
136.719 0.00282748 123.1 -1.40682 
137.085 0.0029046 123.615 -1.40578 
137.451 0.00298192 124.129 -1.40472 
137.817 0.00305936 124.643 -1.40363 
138.184 0.00313709 125.157 -1.40251 
138.55 0.00321488 125.67 -1.40136 
138.916 0.00329291 126.183 -1.40018 
139.282 0.00337113 126.695 -1.39898 
139.648 0.00344958 127.207 -1.39774 
140.015 0.00352823 127.719 -1.39648 
140.381 0.00360716 128.23 -1.39519 
140.747 0.00368624 128.74 -1.39386 
141.113 0.00376545 129.25 -1.39251 
141.479 0.00384472 129.759 -1.39114 
141.846 0.00392445 130.268 -1.38973 
142.212 0.00400455 130.777 -1.38829 
142.578 0.0040848 131.285 -1.38682 
142.944 0.00416542 131.792 -1.38533 
143.311 0.00424632 132.299 -1.3838 
143.677 0.00432739 132.805 -1.38225 
144.043 0.00440871 133.311 -1.38066 
144.409 0.0044904 133.816 -1.37905 
144.775 0.00457243 134.32 -1.3774 
145.142 0.00465473 134.824 -1.37573 
145.508 0.00473734 135.327 -1.37402 
145.874 0.00482027 135.83 -1.37229 
146.24 0.00490336 136.331 -1.37052 
146.606 0.00498679 136.833 -1.36873 
146.973 0.00507063 137.333 -1.3669 
147.339 0.00515478 137.833 -1.36505 
147.705 0.00523933 138.332 -1.36316 
148.071 0.00532415 138.831 -1.36124 
148.438 0.00540926 139.329 -1.35929 
148.804 0.00549466 139.826 -1.35731 
149.17 0.00558037 140.322 -1.3553 
149.536 0.00566657 140.818 -1.35325 
149.902 0.00575316 141.312 -1.35118 
150.269 0.00584017 141.806 -1.34907 
150.635 0.00592752 142.3 -1.34693 
151.001 0.00601522 142.792 -1.34476 
151.367 0.00610322 143.284 -1.34256 
151.733 0.00619162 143.775 -1.34032 
152.1 0.00628058 144.265 -1.33806 
152.466 0.00636996 144.754 -1.33576 
152.832 0.00645977 145.242 -1.33342 
153.198 0.00655009 145.73 -1.33106 
153.564 0.00664068 146.216 -1.32866 
153.931 0.00673157 146.702 -1.32623 
154.297 0.00682309 147.187 -1.32376 
154.663 0.00691517 147.67 -1.32126 
155.029 0.0070077 148.153 -1.31873 
155.396 0.00710077 148.635 -1.31616 
155.762 0.0071943 149.116 -1.31356 
156.128 0.00728822 149.597 -1.31093 
156.494 0.00738259 150.076 -1.30826 
156.86 0.00747761 150.554 -1.30556 
157.227 0.00757316 151.031 -1.30282 
157.593 0.00766932 151.507 -1.30005 
157.959 0.00776596 151.982 -1.29724 
158.325 0.00786316 152.456 -1.29439 
158.691 0.00796077 152.929 -1.29151 
159.058 0.00805892 153.401 -1.2886 
159.424 0.00815772 153.872 -1.28565 
159.79 0.00825718 154.341 -1.28266 
160.156 0.00835726 154.81 -1.27964 
160.522 0.00845799 155.278 -1.27657 
160.889 0.00855922 155.744 -1.27348 
161.255 0.00866096 156.209 -1.27034 
161.621 0.00876327 156.673 -1.26717 
161.987 0.00886634 157.136 -1.26396 
162.354 0.00897019 157.598 -1.26071 
162.72 0.00907468 158.058 -1.25743 
163.086 0.00917985 158.517 -1.25411 
163.452 0.00928563 158.976 -1.25074 
163.818 0.00939195 159.432 -1.24734 
164.185 0.00949892 159.888 -1.2439 
164.551 0.00960678 160.342 -1.24043 
164.917 0.00971538 160.795 -1.23691 
165.283 0.0098248 161.247 -1.23335 
165.649 0.00993486 161.697 -1.22975 
166.016 0.0100456 162.146 -1.22611 
166.382 0.0101571 162.594 -1.22244 
166.748 0.0102692 163.04 -1.21872 
167.114 0.0103822 163.485 -1.21495 
167.48 0.0104961 163.929 -1.21115 
167.847 0.0106108 164.371 -1.20731 
168.213 0.0107262 164.811 -1.20342 
168.579 0.0108423 165.251 -1.1995 
168.945 0.0109589 165.688 -1.19552 
169.312 0.0110765 166.125 -1.19151 
169.678 0.0111952 166.56 -1.18746 
170.044 0.0113148 166.993 -1.18336 
170.41 0.0114354 167.425 -1.17921 
170.776 0.0115568 167.855 -1.17502 
171.143 0.0116791 168.284 -1.17079 
171.509 0.0118019 168.711 -1.16651 
171.875 0.011926 169.137 -1.16219 
172.241 0.0120511 169.561 -1.15783 
172.607 0.0121773 169.983 -1.15341 
172.974 0.0123045 170.404 -1.14895 
173.34 0.0124327 170.823 -1.14445 
173.706 0.0125618 171.24 -1.13989 
174.072 0.0126918 171.656 -1.13529 
174.438 0.012823 172.07 -1.13065 
174.805 0.0129552 172.483 -1.12595 
175.171 0.0130884 172.893 -1.12121 
175.537 0.0132228 173.302 -1.11641 
175.903 0.013358 173.709 -1.11157 
176.27 0.0134941 174.114 -1.10668 
176.636 0.0136311 174.518 -1.10174 
177.002 0.0137695 174.919 -1.09674 
177.368 0.0139092 175.319 -1.0917 
177.734 0.01405 175.717 -1.08661 
178.101 0.014192 176.113 -1.08146 
178.467 0.0143351 176.507 -1.07627 
178.833 0.0144793 176.9 -1.07102 
179.199 0.0146245 177.29 -1.06571 
179.565 0.0147711 177.678 -1.06036 
179.932 0.0149191 178.065 -1.05495 
180.298 0.0150683 178.449 -1.04948 
180.664 0.0152188 178.831 -1.04397 
181.03 0.0153705 179.211 -1.03839 
181.396 0.0155233 179.59 -1.03276 
181.763 0.0156774 179.966 -1.02708 
182.129 0.0158329 180.34 -1.02134 
182.495 0.0159898 180.712 -1.01554 
182.861 0.0161479 181.081 -1.00968 
183.228 0.0163073 181.449 -1.00377 
183.594 0.0164678 181.814 -0.997799 
183.96 0.0166294 182.178 -0.991769 
184.326 0.0167925 182.539 -0.985679 
184.692 0.0169572 182.897 -0.979529 
185.059 0.0171234 183.254 -0.973319 
185.425 0.0172911 183.608 -0.967048 
185.791 0.0174602 183.96 -0.960716 
186.157 0.0176307 184.309 -0.954322 
186.523 0.0178026 184.656 -0.947866 
186.89 0.017976 185.001 -0.941346 
187.256 0.0181509 185.343 -0.934763 
187.622 0.0183273 185.683 -0.928116 
187.988 0.0185052 186.021 -0.921404 
188.354 0.0186845 186.356 -0.914628 
188.721 0.0188654 186.688 -0.907785 
189.087 0.0190478 187.018 -0.900876 
189.453 0.0192316 187.345 -0.893901 
189.819 0.0194169 187.67 -0.886858 
190.186 0.0196035 187.992 -0.879747 
190.552 0.0197917 188.312 -0.872568 
190.918 0.0199813 188.629 -0.86532 
191.284 0.0201723 188.943 -0.858003 
191.65 0.0203647 189.254 -0.850616 
192.017 0.0205587 189.563 -0.843158 
192.383 0.0207541 189.869 -0.835629 
192.749 0.020951 190.172 -0.828029 
193.115 0.0211493 190.473 -0.820356 
193.481 0.021349 190.771 -0.812611 
193.848 0.0215505 191.065 -0.804793 
194.214 0.0217535 191.357 -0.796901 
194.58 0.0219577 191.646 -0.788934 
194.946 0.022163 191.932 -0.780893 
195.312 0.0223698 192.215 -0.772777 
195.679 0.0225779 192.495 -0.764585 
196.045 0.0227875 192.772 -0.756317 
196.411 0.0229988 193.046 -0.747972 
196.777 0.0232116 193.317 -0.739549 
197.144 0.0234249 193.584 -0.731049 
197.51 0.0236394 193.849 -0.72247 
197.876 0.0238548 194.11 -0.713813 
198.242 0.0240714 194.369 -0.705077 
198.608 0.0242896 194.624 -0.696262 
198.975 0.0245095 194.875 -0.687367 
199.341 0.0247303 195.124 -0.678391 
199.707 0.0249512 195.369 -0.669335 
200.073 0.0251622 195.611 -0.660198 
200.439 0.0253605 195.849 -0.650983 
200.806 0.0255876 196.084 -0.641696 
201.172 0.0258343 196.316 -0.632325 
201.538 0.0260642 196.544 -0.622864 
201.904 0.02627 196.768 -0.613319 
202.271 0.0264746 196.989 -0.603699 
202.637 0.0267115 197.207 -0.594004 
203.003 0.0269046 197.421 -0.584222 
203.369 0.027126 197.631 -0.574369 
203.735 0.0273385 197.838 -0.564435 
204.102 0.0275555 198.041 -0.554423 
204.468 0.0277629 198.24 -0.544332 
204.834 0.0279601 198.436 -0.534165 
205.2 0.0281425 198.628 -0.523926 
205.566 0.0283213 198.816 -0.51362 
205.933 0.0284919 199 -0.503248 
206.299 0.0286687 199.181 -0.492814 
206.665 0.028855 199.357 -0.482315 
207.031 0.0290094 199.53 -0.471748 
207.397 0.0291367 199.699 -0.461125 
207.764 0.0292454 199.864 -0.450455 
208.13 0.0293378 200.025 -0.439745 
208.496 0.0294177 200.182 -0.429001 
208.862 0.0294994 200.335 -0.418228 
209.229 0.0295792 200.484 -0.407425 
209.595 0.0296087 200.63 -0.396593 
209.961 0.0296021 200.771 -0.385749 
210.327 0.0295654 200.908 -0.374909 
210.693 0.0295016 201.041 -0.364082 
211.06 0.0294133 201.171 -0.353278 
211.426 0.0293106 201.296 -0.342506 
211.792 0.0291849 201.418 -0.331773 
212.158 0.0290118 201.535 -0.321085 
212.524 0.0288003 201.649 -0.31046 
212.891 0.0285542 201.759 -0.299913 
213.257 0.0282744 201.865 -0.289456 
213.623 0.0279583 201.967 -0.279102 
213.989 0.0276 202.066 -0.268863 
214.355 0.0272087 202.16 -0.258756 
214.722 0.0267976 202.251 -0.248792 
215.088 0.0263601 202.339 -0.238978 
215.454 0.025894 202.423 -0.229325 
215.82 0.0253991 202.503 -0.219842 
216.187 0.0248612 202.581 -0.210541 
216.553 0.024264 202.654 -0.201436 
216.919 0.0236512 202.725 -0.192551 
217.285 0.0230526 202.792 -0.183889 
217.651 0.0224464 202.856 -0.175447 
218.018 0.0218278 202.918 -0.167227 
218.384 0.0211948 202.976 -0.159234 
218.75 0.0205267 203.031 -0.151472 
219.116 0.01981 203.084 -0.143955 
219.482 0.0191087 203.134 -0.1367 
219.849 0.0184374 203.182 -0.129702 
220.215 0.0177754 203.227 -0.12295 
220.581 0.0171177 203.269 -0.116441 
220.947 0.016462 203.31 -0.110172 
221.313 0.0157921 203.348 -0.104143 
221.68 0.0151035 203.384 -0.0983602 
222.046 0.0144455 203.418 -0.0928292 
222.412 0.0138167 203.45 -0.0875391 
222.778 0.0132059 203.48 -0.0824793 
223.145 0.0126102 203.509 -0.0776431 
223.511 0.012028 203.535 -0.0730251 
223.877 0.0114532 203.56 -0.0686203 
224.243 0.010886 203.584 -0.0644261 
224.609 0.010345 203.606 -0.0604395 
224.976 0.00982692 203.627 -0.056651 
225.342 0.00932809 203.646 -0.0530523 
225.708 0.00884785 203.665 -0.0496362 
226.074 0.00838643 203.681 -0.046396 
226.44 0.0079452 203.697 -0.0433248 
226.807 0.00752337 203.712 -0.0404152 
227.173 0.00711654 203.726 -0.0376601 
227.539 0.00672588 203.739 -0.0350539 
227.905 0.00635216 203.751 -0.0325908 
228.271 0.00599567 203.762 -0.0302646 
228.638 0.00565816 203.772 -0.0280689 
229.004 0.00534426 203.782 -0.0259968 
229.37 0.00504897 203.79 -0.0240397 
229.736 0.00476017 203.799 -0.0221907 
230.103 0.00448288 203.806 -0.0204475 
230.469 0.00421884 203.813 -0.0188058 
230.835 0.00396862 203.819 -0.0172608 
231.201 0.00373513 203.825 -0.0158075 
231.567 0.00352297 203.83 -0.0144396 
231.934 0.00332335 203.835 -0.0131495 
232.3 0.00312609 203.839 -0.0119324 
232.666 0.00293682 203.843 -0.0107876 
233.032 0.00275711 203.847 -0.00971215 
233.398 0.0025874 203.85 -0.00870246 
233.765 0.00243023 203.853 -0.00775493 
234.131 0.00228771 203.856 -0.00686495 
234.497 0.00215252 203.858 -0.00602717 
234.863 0.00202113 203.86 -0.00523889 
235.229 0.0018967 203.861 -0.00449873 
235.596 0.00177989 203.863 -0.00380414 
235.962 0.00167094 203.864 -0.00315233 
236.328 0.00157449 203.865 -0.00254041 
236.694 0.00149295 203.866 -0.00196382 
237.061 0.00141214 203.866 -0.00141708 
237.427 0.0013304 203.866 -0.000899941 
237.793 0.00125169 203.867 -0.000412736 
238.159 0.00117715 203.866 4.56479e-05 
238.525 0.00110703 203.866 0.000476732 
238.892 0.00104362 203.866 0.000882138 
239.258 0.00098735 203.866 0.00126432 
239.624 0.000931441 203.865 0.0016259 
239.99 0.000876299 203.864 0.00196701 
240.356 0.000823418 203.863 0.00228792 
240.723 0.000773212 203.862 0.00258946 
241.089 0.000726004 203.861 0.00287262 
241.455 0.000682912 203.86 0.00313849 
241.821 0.000643649 203.859 0.00338858 
242.188 0.00060476 203.858 0.00362429 
242.554 0.00056721 203.856 0.00384576 
242.92 0.000531439 203.855 0.00405348 
243.286 0.000497607 203.853 0.0042481 
243.652 0.000466686 203.852 0.00443032 
244.019 0.0004421 203.85 0.00460123 
244.385 0.000421499 203.848 0.00476313 
244.751 0.000395464 203.846 0.00491749 
245.117 0.000367228 203.845 0.00506231 
245.483 0.000338253 203.843 0.00519679 
245.85 0.000308938 203.841 0.00532067 
246.216 0.000278091 203.839 0.0054338 
246.582 0.000243312 203.837 0.00553564 
246.948 0.000207925 203.835 0.00562475 
247.314 0.000178143 203.832 0.00570089 
247.681 0.000150981 203.83 0.00576613 
248.047 0.000125575 203.828 0.00582142 
248.413 0.000101718 203.826 0.0058674 
248.779 7.87151e-05 203.824 0.00590465 
249.146 5.55381e-05 203.822 0.00593348 
249.512 3.4377e-05 203.82 0.00595382 
249.878 1.72322e-05 203.817 0.00596641 
250.244 2.83397e-06 203.815 0.00597272 
250.61 -9.05508e-06 203.813 0.00597376 
250.977 -1.85972e-05 203.811 0.00597044 
251.343 -2.38889e-05 203.809 0.00596363 
251.709 -2.33764e-05 203.806 0.00595488 
252.075 -2.30529e-05 203.804 0.00594632 
252.441 -2.50179e-05 203.802 0.00593788 
252.808 -2.71042e-05 203.8 0.00592871 
253.174 -2.87524e-05 203.798 0.00591879 
253.54 -2.96916e-05 203.796 0.00590826 
253.906 -2.90444e-05 203.793 0.00589738 
254.272 -2.6478e-05 203.791 0.00588675 
254.639 -2.48637e-05 203.789 0.00587705 
255.005 -2.42423e-05 203.787 0.00586795 
255.371 -2.38865e-05 203.785 0.00585907 
255.737 -2.36768e-05 203.783 0.00585032 
256.104 -2.35913e-05 203.781 0.00584165 
256.47 -2.36577e-05 203.778 0.00583301 
256.836 -2.37946e-05 203.776 0.00582435 
257.202 -2.3869e-05 203.774 0.00581563 
257.568 -2.39171e-05 203.772 0.00580689 
257.935 -2.39644e-05 203.77 0.00579813 
258.301 -2.39229e-05 203.768 0.00578935 
258.667 -2.39015e-05 203.766 0.00578059 
259.033 -2.39158e-05 203.764 0.00577184 
259.399 -2.39542e-05 203.761 0.00576308 
259.766 -2.39418e-05 203.759 0.00575431 
260.132 -2.39058e-05 203.757 0.00574554 
260.498 -2.39069e-05 203.755 0.00573679 
260.864 -2.39456e-05 203.753 0.00572803 
261.23 -2.39656e-05 203.751 0.00571926 
261.597 -2.39166e-05 203.749 0.00571048 
261.963 -2.39012e-05 203.747 0.00570173 
262.329 -2.39282e-05 203.745 0.00569297 
262.695 -2.39702e-05 203.743 0.00568421 
263.062 -2.39184e-05 203.741 0.00567543 
263.428 -2.39e-05 203.738 0.00566667 
263.794 -2.39184e-05 203.736 0.00565792 
264.16 -2.39596e-05 203.734 0.00564916 
264.526 -2.39377e-05 203.732 0.00564039 
264.893 -2.39048e-05 203.73 0.00563162 
265.259 -2.39076e-05 203.728 0.00562286 
265.625 -2.39436e-05 203.726 0.00561411 
265.991 -2.39567e-05 203.724 0.00560534 
266.357 -2.39124e-05 203.722 0.00559657 
266.724 -2.38963e-05 203.72 0.00558781 
267.09 -2.393e-05 203.718 0.00557906 
267.456 -2.39728e-05 203.716 0.00557029 
267.822 -2.39136e-05 203.714 0.00556151 
268.188 -2.38988e-05 203.712 0.00555276 
268.555 -2.39204e-05 203.71 0.005544 
268.921 -2.39649e-05 203.708 0.00553524 
269.287 -2.3939e-05 203.706 0.00552647 
269.653 -2.39051e-05 203.704 0.0055177 
270.02 -2.39107e-05 203.702 0.00550895 
270.386 -2.39474e-05 203.7 0.00550019 
270.752 -2.39497e-05 203.698 0.00549142 
271.118 -2.39076e-05 203.696 0.00548265 
271.484 -2.39018e-05 203.694 0.00547389 
271.851 -2.39388e-05 203.692 0.00546514 
272.217 -2.39715e-05 203.69 0.00545637 
272.583 -2.39133e-05 203.688 0.00544759 
272.949 -2.38987e-05 203.686 0.00543884 
273.315 -2.39228e-05 203.684 0.00543008 
273.682 -2.39637e-05 203.682 0.00542132 
274.048 -2.3925e-05 203.68 0.00541255 
274.414 -2.39007e-05 203.678 0.00540378 
274.78 -2.39126e-05 203.676 0.00539503 
275.146 -2.39508e-05 203.674 0.00538627 
275.513 -2.39446e-05 203.672 0.0053775 
275.879 -2.39065e-05 203.67 0.00536873 
276.245 -2.39022e-05 203.668 0.00535998 
276.611 -2.39346e-05 203.666 0.00535122 
276.978 -2.39626e-05 203.664 0.00534246 
277.344 -2.39162e-05 203.662 0.00533368 
277.71 -2.39019e-05 203.66 0.00532493 
278.076 -2.39266e-05 203.658 0.00531617 
278.442 -2.3968e-05 203.656 0.00530741 
278.809 -2.39244e-05 203.654 0.00529863 
279.175 -2.39084e-05 203.652 0.00528987 
279.541 -2.3919e-05 203.65 0.00528111 
279.907 -2.39544e-05 203.648 0.00527235 
280.273 -2.39392e-05 203.646 0.00526358 
280.64 -2.39052e-05 203.645 0.00525481 
281.006 -2.39059e-05 203.643 0.00524606 
281.372 -2.39418e-05 203.641 0.00523731 
281.738 -2.39587e-05 203.639 0.00522854 
282.104 -2.39102e-05 203.637 0.00521976 
282.471 -2.38999e-05 203.635 0.00521101 
282.837 -2.39343e-05 203.633 0.00520225 
283.203 -2.39755e-05 203.631 0.00519349 
283.569 -2.39173e-05 203.629 0.00518471 
283.936 -2.39005e-05 203.627 0.00517595 
284.302 -2.392e-05 203.625 0.0051672 
284.668 -2.39587e-05 203.624 0.00515844 
285.034 -2.39345e-05 203.622 0.00514966 
285.4 -2.3904e-05 203.62 0.0051409 
285.767 -2.39087e-05 203.618 0.00513214 
286.133 -2.39445e-05 203.616 0.00512339 
286.499 -2.3949e-05 203.614 0.00511462 
286.865 -2.39031e-05 203.612 0.00510585 
287.231 -2.38976e-05 203.61 0.00509709 
287.598 -2.39315e-05 203.609 0.00508834 
287.964 -2.39728e-05 203.607 0.00507958 
288.33 -2.39188e-05 203.605 0.0050708 
288.696 -2.39046e-05 203.603 0.00506204 
289.062 -2.39301e-05 203.601 0.00505328 
289.429 -2.39714e-05 203.599 0.00504452 
289.795 -2.39318e-05 203.597 0.00503574 
290.161 -2.39034e-05 203.596 0.00502698 
290.527 -2.39115e-05 203.594 0.00501822 
290.894 -2.39488e-05 203.592 0.00500946 
291.26 -2.3948e-05 203.59 0.00500069 
291.626 -2.39086e-05 203.588 0.00499192 
291.992 -2.39029e-05 203.586 0.00498317 
292.358 -2.39359e-05 203.585 0.00497441 
292.725 -2.39659e-05 203.583 0.00496565 
293.091 -2.39119e-05 203.581 0.00495687 
293.457 -2.39003e-05 203.579 0.00494811 
293.823 -2.39253e-05 203.577 0.00493936 
294.189 -2.39576e-05 203.576 0.0049306 
294.556 -2.39179e-05 203.574 0.00492182 
294.922 -2.38999e-05 203.572 0.00491306 
295.288 -2.39135e-05 203.57 0.00490431 
295.654 -2.39522e-05 203.568 0.00489555 
296.021 -2.39426e-05 203.567 0.00488678 
296.387 -2.39055e-05 203.565 0.00487801 
296.753 -2.39031e-05 203.563 0.00486926 
297.119 -2.39386e-05 203.561 0.00486051 
297.485 -2.39607e-05 203.559 0.00485174 
297.852 -2.39106e-05 203.558 0.00484296 
298.218 -2.3898e-05 203.556 0.00483421 
298.584 -2.39268e-05 203.554 0.00482545 
298.95 -2.39735e-05 203.552 0.00481669 
299.316 -2.39303e-05 203.551 0.00480791 
299.683 -2.39057e-05 203.549 0.00479915 
300.049 -2.3918e-05 203.547 0.00479039 
300.415 -2.39564e-05 203.545 0.00478163 
300.781 -2.39376e-05 203.544 0.00477286 
301.147 -2.39053e-05 203.542 0.00476409 
301.514 -2.39117e-05 203.54 0.00475534 
301.88 -2.39513e-05 203.538 0.00474658 
302.246 -2.39579e-05 203.537 0.00473781 
302.612 -2.39096e-05 203.535 0.00472904 
302.979 -2.38969e-05 203.533 0.00472028 
303.345 -2.39291e-05 203.532 0.00471153 
303.711 -2.39676e-05 203.53 0.00470276 
304.077 -2.38875e-05 203.528 0.00469399 
304.443 -2.38642e-05 203.526 0.00468524 
304.81 -2.39156e-05 203.525 0.0046765 
305.176 -2.39611e-05 203.523 0.00466774 
305.542 -2.3933e-05 203.521 0.00465897 
305.908 -2.39036e-05 203.52 0.0046502 
306.274 -2.39154e-05 203.518 0.00464145 
306.641 -2.39676e-05 203.516 0.00463269 
307.007 -2.39726e-05 203.514 0.00462391 
307.373 -2.39136e-05 203.513 0.00461513 
307.739 -2.39014e-05 203.511 0.00460637 
308.105 -2.39336e-05 203.509 0.00459762 
308.472 -2.39691e-05 203.508 0.00458886 
308.838 -2.39143e-05 203.506 0.00458008 
309.204 -2.39034e-05 203.504 0.00457132 
309.57 -2.39259e-05 203.503 0.00456256 
309.937 -2.39662e-05 203.501 0.0045538 
310.303 -2.39333e-05 203.499 0.00454502 
310.669 -2.39063e-05 203.498 0.00453626 
311.035 -2.39134e-05 203.496 0.0045275 
311.401 -2.39471e-05 203.494 0.00451875 
311.768 -2.3937e-05 203.493 0.00450998 
312.134 -2.39019e-05 203.491 0.00450121 
312.5 -2.39015e-05 203.489 0.00449246 
312.866 -2.39366e-05 203.488 0.0044837 
313.232 -2.39638e-05 203.486 0.00447494 
313.599 -2.39113e-05 203.484 0.00446616 
313.965 -2.38912e-05 203.483 0.0044574 
314.331 -2.39081e-05 203.481 0.00444865 
314.697 -2.39604e-05 203.48 0.0044399 
315.063 -2.39209e-05 203.478 0.00443112 
315.43 -2.39025e-05 203.476 0.00442236 
315.796 -2.39204e-05 203.475 0.00441361 
316.162 -2.39576e-05 203.473 0.00440485 
316.528 -2.39433e-05 203.472 0.00439608 
316.895 -2.39094e-05 203.47 0.00438731 
317.261 -2.39062e-05 203.468 0.00437855 
317.627 -2.39407e-05 203.467 0.00436979 
317.993 -2.3959e-05 203.465 0.00436103 
318.359 -2.39101e-05 203.464 0.00435225 
318.726 -2.38998e-05 203.462 0.0043435 
319.092 -2.39426e-05 203.46 0.00433474 
319.458 -2.39948e-05 203.459 0.00432598 
319.824 -2.39235e-05 203.457 0.00431719 
320.19 -2.39013e-05 203.456 0.00430843 
320.557 -2.3918e-05 203.454 0.00429967 
320.923 -2.39594e-05 203.452 0.00429091 
321.289 -2.39358e-05 203.451 0.00428214 
321.655 -2.38842e-05 203.449 0.00427337 
322.021 -2.38791e-05 203.448 0.00426463 
322.388 -2.39368e-05 203.446 0.00425588 
322.754 -2.3952e-05 203.445 0.00424711 
323.12 -2.39083e-05 203.443 0.00423834 
323.486 -2.38981e-05 203.442 0.00422959 
323.853 -2.39355e-05 203.44 0.00422083 
324.219 -2.3988e-05 203.438 0.00421207 
324.585 -2.39281e-05 203.437 0.00420328 
324.951 -2.39024e-05 203.435 0.00419452 
325.317 -2.39212e-05 203.434 0.00418577 
325.684 -2.3961e-05 203.432 0.004177 
326.05 -2.39298e-05 203.431 0.00416823 
326.416 -2.3906e-05 203.429 0.00415947 
326.782 -2.39219e-05 203.428 0.00415071 
327.148 -2.39558e-05 203.426 0.00414195 
327.515 -2.39509e-05 203.425 0.00413318 
327.881 -2.39081e-05 203.423 0.00412441 
328.247 -2.39012e-05 203.422 0.00411565 
328.613 -2.39347e-05 203.42 0.0041069 
328.979 -2.39576e-05 203.419 0.00409813 
329.346 -2.38879e-05 203.417 0.00408936 
329.712 -2.38866e-05 203.416 0.00408061 
330.078 -2.39202e-05 203.414 0.00407186 
330.444 -2.39638e-05 203.413 0.0040631 
330.811 -2.39253e-05 203.411 0.00405432 
331.177 -2.39016e-05 203.41 0.00404556 
331.543 -2.39269e-05 203.408 0.00403681 
331.909 -2.39854e-05 203.407 0.00402805 
332.275 -2.39598e-05 203.405 0.00401926 
332.642 -2.3913e-05 203.404 0.00401049 
333.008 -2.39054e-05 203.402 0.00400173 
333.374 -2.39388e-05 203.401 0.00399297 
333.74 -2.39614e-05 203.399 0.00398421 
334.106 -2.39e-05 203.398 0.00397543 
334.473 -2.38765e-05 203.397 0.00396668 
334.839 -2.39207e-05 203.395 0.00395793 
335.205 -2.3967e-05 203.394 0.00394917 
335.571 -2.39202e-05 203.392 0.0039404 
335.938 -2.39004e-05 203.391 0.00393164 
336.304 -2.39189e-05 203.389 0.00392288 
336.67 -2.39721e-05 203.388 0.00391412 
337.036 -2.39639e-05 203.386 0.00390534 
337.402 -2.39133e-05 203.385 0.00389657 
337.769 -2.39136e-05 203.384 0.00388781 
338.135 -2.39465e-05 203.382 0.00387905 
338.501 -2.3958e-05 203.381 0.00387028 
338.867 -2.39077e-05 203.379 0.00386151 
339.233 -2.38893e-05 203.378 0.00385275 
339.6 -2.39194e-05 203.377 0.003844 
339.966 -2.39697e-05 203.375 0.00383524 
340.332 -2.39149e-05 203.374 0.00382646 
340.698 -2.38992e-05 203.372 0.00381771 
341.064 -2.39187e-05 203.371 0.00380895 
341.431 -2.39536e-05 203.37 0.00380019 
341.797 -2.39172e-05 203.368 0.00379142 
342.163 -2.389e-05 203.367 0.00378266 
342.529 -2.39056e-05 203.365 0.00377391 
342.896 -2.39466e-05 203.364 0.00376516 
343.262 -2.39572e-05 203.363 0.00375639 
343.628 -2.39124e-05 203.361 0.00374761 
343.994 -2.39091e-05 203.36 0.00373886 
344.36 -2.39566e-05 203.359 0.0037301 
344.727 -2.39848e-05 203.357 0.00372133 
345.093 -2.39166e-05 203.356 0.00371254 
345.459 -2.38996e-05 203.354 0.00370378 
345.825 -2.39218e-05 203.353 0.00369503 
346.191 -2.39626e-05 203.352 0.00368627 
346.558 -2.39209e-05 203.35 0.00367749 
346.924 -2.38835e-05 203.349 0.00366873 
347.29 -2.39035e-05 203.348 0.00365999 
347.656 -2.39472e-05 203.346 0.00365123 
348.022 -2.39464e-05 203.345 0.00364246 
348.389 -2.39088e-05 203.344 0.00363369 
348.755 -2.39075e-05 203.342 0.00362493 
349.121 -2.39439e-05 203.341 0.00361618 
349.487 -2.39747e-05 203.34 0.00360741 
349.854 -2.39143e-05 203.338 0.00359863 
350.22 -2.3899e-05 203.337 0.00358987 
350.586 -2.39245e-05 203.336 0.00358112 
350.952 -2.39662e-05 203.335 0.00357236 
351.318 -2.39233e-05 203.333 0.00356358 
351.685 -2.38983e-05 203.332 0.00355482 
352.051 -2.39091e-05 203.331 0.00354607 
352.417 -2.39516e-05 203.329 0.00353731 
352.783 -2.39414e-05 203.328 0.00352854 
353.149 -2.39057e-05 203.327 0.00351977 
353.516 -2.39047e-05 203.325 0.00351101 
353.882 -2.39388e-05 203.324 0.00350226 
354.248 -2.39517e-05 203.323 0.00349349 
354.614 -2.38961e-05 203.322 0.00348472 
354.98 -2.38943e-05 203.32 0.00347597 
355.347 -2.39262e-05 203.319 0.00346722 
355.713 -2.39695e-05 203.318 0.00345845 
356.079 -2.39185e-05 203.317 0.00344968 
356.445 -2.39031e-05 203.315 0.00344092 
356.812 -2.39287e-05 203.314 0.00343216 
357.178 -2.39684e-05 203.313 0.0034234 
357.544 -2.39396e-05 203.312 0.00341462 
357.91 -2.39053e-05 203.31 0.00340585 
358.276 -2.39076e-05 203.309 0.0033971 
358.643 -2.39434e-05 203.308 0.00338834 
359.009 -2.39637e-05 203.307 0.00337957 
359.375 -2.39375e-05 203.305 0.0033708 
359.741 -2.39233e-05 203.304 0.00336203 
360.107 -2.39394e-05 203.303 0.00335327 
360.474 -2.39754e-05 203.302 0.0033445 
360.84 -2.39143e-05 203.3 0.00333572 
361.206 -2.3899e-05 203.299 0.00332696 
361.572 -2.3917e-05 203.298 0.00331821 
361.938 -2.3953e-05 203.297 0.00330945 
362.305 -2.39277e-05 203.296 0.00330068 
362.671 -2.39024e-05 203.294 0.00329192 
363.037 -2.39099e-05 203.293 0.00328316 
363.403 -2.39471e-05 203.292 0.00327441 
363.77 -2.39499e-05 203.291 0.00326563 
364.136 -2.39035e-05 203.29 0.00325686 
364.502 -2.38902e-05 203.288 0.00324811 
364.868 -2.3932e-05 203.287 0.00323936 
365.234 -2.39726e-05 203.286 0.00323059 
365.601 -2.39163e-05 203.285 0.00322182 
365.967 -2.38995e-05 203.284 0.00321306 
366.333 -2.3923e-05 203.282 0.0032043 
366.699 -2.39675e-05 203.281 0.00319554 
367.065 -2.3934e-05 203.28 0.00318676 
367.432 -2.39039e-05 203.279 0.003178 
367.798 -2.39132e-05 203.278 0.00316924 
368.164 -2.39508e-05 203.277 0.00316049 
368.53 -2.39448e-05 203.276 0.00315171 
368.896 -2.39052e-05 203.274 0.00314294 
369.263 -2.38934e-05 203.273 0.00313419 
369.629 -2.39218e-05 203.272 0.00312544 
369.995 -2.39593e-05 203.271 0.00311668 
370.361 -2.3912e-05 203.27 0.0031079 
370.728 -2.39034e-05 203.269 0.00309915 
371.094 -2.39295e-05 203.268 0.00309039 
371.46 -2.39685e-05 203.266 0.00308163 
371.826 -2.39218e-05 203.265 0.00307285 
372.192 -2.39001e-05 203.264 0.00306409 
372.559 -2.39142e-05 203.263 0.00305533 
372.925 -2.39538e-05 203.262 0.00304658 
373.291 -2.39396e-05 203.261 0.0030378 
373.657 -2.39052e-05 203.26 0.00302904 
374.023 -2.39029e-05 203.259 0.00302028 
374.39 -2.39316e-05 203.257 0.00301153 
374.756 -2.39493e-05 203.256 0.00300276 
375.122 -2.39077e-05 203.255 0.00299399 
375.488 -2.38973e-05 203.254 0.00298523 
375.854 -2.393e-05 203.253 0.00297648 
376.221 -2.39767e-05 203.252 0.00296772 
376.587 -2.39312e-05 203.251 0.00295894 
376.953 -2.39302e-05 203.25 0.00295017 
377.319 -2.39382e-05 203.249 0.00294141 
377.686 -2.39631e-05 203.248 0.00293264 
378.052 -2.3936e-05 203.247 0.00292387 
378.418 -2.39044e-05 203.246 0.0029151 
378.784 -2.39086e-05 203.244 0.00290634 
379.15 -2.394e-05 203.243 0.00289759 
379.517 -2.39404e-05 203.242 0.00288882 
379.883 -2.39026e-05 203.241 0.00288005 
380.249 -2.38974e-05 203.24 0.0028713 
380.615 -2.39314e-05 203.239 0.00286255 
380.981 -2.39709e-05 203.238 0.00285378 
381.348 -2.39149e-05 203.237 0.002845 
381.714 -2.3904e-05 203.236 0.00283624 
382.08 -2.39249e-05 203.235 0.00282749 
382.446 -2.39627e-05 203.234 0.00281873 
382.812 -2.39298e-05 203.233 0.00280995 
383.179 -2.39028e-05 203.232 0.00280119 
383.545 -2.39112e-05 203.231 0.00279243 
383.911 -2.39489e-05 203.23 0.00278368 
384.277 -2.39522e-05 203.229 0.0027749 
384.644 -2.39159e-05 203.228 0.00276613 
385.01 -2.39038e-05 203.227 0.00275737 
385.376 -2.3936e-05 203.226 0.00274862 
385.742 -2.39661e-05 203.225 0.00273985 
386.108 -2.39119e-05 203.224 0.00273107 
386.475 -2.38958e-05 203.223 0.00272232 
386.841 -2.39103e-05 203.222 0.00271357 
387.207 -2.39482e-05 203.221 0.00270481 
387.573 -2.39233e-05 203.22 0.00269604 
387.939 -2.39012e-05 203.219 0.00268728 
388.306 -2.39136e-05 203.218 0.00267852 
388.672 -2.39519e-05 203.217 0.00266976 
389.038 -2.39352e-05 203.216 0.00266099 
389.404 -2.38762e-05 203.215 0.00265222 
389.771 -2.38713e-05 203.214 0.00264348 
390.137 -2.39305e-05 203.213 0.00263474 
390.503 -2.39591e-05 203.212 0.00262597 
390.869 -2.391e-05 203.211 0.0026172 
391.235 -2.38978e-05 203.21 0.00260844 
391.602 -2.39377e-05 203.209 0.00259969 
391.968 -2.40044e-05 203.208 0.00259092 
392.334 -2.39506e-05 203.207 0.00258213 
392.7 -2.3913e-05 203.206 0.00257336 
393.066 -2.39225e-05 203.205 0.0025646 
393.433 -2.39572e-05 203.205 0.00255584 
393.799 -2.39383e-05 203.204 0.00254706 
394.165 -2.39149e-05 203.203 0.0025383 
394.531 -2.39341e-05 203.202 0.00252954 
394.897 -2.39591e-05 203.201 0.00252077 
395.264 -2.39597e-05 203.2 0.002512 
395.63 -2.39094e-05 203.199 0.00250322 
395.996 -2.38972e-05 203.198 0.00249447 
396.362 -2.39295e-05 203.197 0.00248571 
396.729 -2.39738e-05 203.196 0.00247695 
397.095 -2.39167e-05 203.195 0.00246817 
397.461 -2.38999e-05 203.194 0.00245941 
397.827 -2.39213e-05 203.194 0.00245066 
398.193 -2.39651e-05 203.193 0.0024419 
398.56 -2.39368e-05 203.192 0.00243312 
398.926 -2.39046e-05 203.191 0.00242435 
399.292 -2.39132e-05 203.19 0.0024156 
399.658 -2.39539e-05 203.189 0.00240684 
400.024 -2.39528e-05 203.188 0.00239807 
400.391 -2.39086e-05 203.187 0.00238929 
400.757 -2.39001e-05 203.187 0.00238054 
401.123 -2.39332e-05 203.186 0.00237178 
401.489 -2.39665e-05 203.185 0.00236302 
401.855 -2.38892e-05 203.184 0.00235424 
402.222 -2.38575e-05 203.183 0.00234549 
402.588 -2.39117e-05 203.182 0.00233675 
402.954 -2.39604e-05 203.181 0.002328 
403.32 -2.39288e-05 203.18 0.00231922 
403.687 -2.39075e-05 203.18 0.00231046 
404.053 -2.39131e-05 203.179 0.0023017 
404.419 -2.39359e-05 203.178 0.00229294 
404.785 -2.39269e-05 203.177 0.00228417 
405.151 -2.3902e-05 203.176 0.00227541 
405.518 -2.39011e-05 203.175 0.00226666 
405.884 -2.39362e-05 203.175 0.0022579 
406.25 -2.39642e-05 203.174 0.00224914 
406.616 -2.39153e-05 203.173 0.00224036 
406.982 -2.39121e-05 203.172 0.0022316 
407.349 -2.39387e-05 203.171 0.00222284 
407.715 -2.39702e-05 203.171 0.00221408 
408.081 -2.39236e-05 203.17 0.0022053 
408.447 -2.39013e-05 203.169 0.00219653 
408.813 -2.39166e-05 203.168 0.00218778 
409.18 -2.39553e-05 203.167 0.00217902 
409.546 -2.39341e-05 203.167 0.00217025 
409.912 -2.38984e-05 203.166 0.00216148 
410.278 -2.39034e-05 203.165 0.00215273 
410.645 -2.39399e-05 203.164 0.00214397 
411.011 -2.39588e-05 203.163 0.00213521 
411.377 -2.391e-05 203.163 0.00212643 
411.743 -2.38945e-05 203.162 0.00211767 
412.109 -2.39189e-05 203.161 0.00210892 
412.476 -2.39655e-05 203.16 0.00210016 
412.842 -2.39164e-05 203.16 0.00209138 
413.208 -2.38994e-05 203.159 0.00208263 
413.574 -2.39173e-05 203.158 0.00207387 
413.94 -2.3957e-05 203.157 0.00206511 
414.307 -2.39544e-05 203.156 0.00205634 
414.673 -2.39499e-05 203.156 0.00204756 
415.039 -2.39268e-05 203.155 0.00203879 
415.405 -2.39489e-05 203.154 0.00203003 
415.771 -2.39551e-05 203.154 0.00202126 
416.138 -2.39092e-05 203.153 0.00201248 
416.504 -2.38988e-05 203.152 0.00200373 
416.87 -2.39408e-05 203.151 0.00199497 
417.236 -2.39927e-05 203.151 0.0019862 
417.603 -2.39186e-05 203.15 0.00197742 
417.969 -2.39e-05 203.149 0.00196866 
418.335 -2.39204e-05 203.148 0.0019599 
418.701 -2.39602e-05 203.148 0.00195114 
419.067 -2.39265e-05 203.147 0.00194237 
419.434 -2.38813e-05 203.146 0.0019336 
419.8 -2.38781e-05 203.146 0.00192486 
420.166 -2.39445e-05 203.145 0.00191611 
420.532 -2.39512e-05 203.144 0.00190734 
420.898 -2.39081e-05 203.143 0.00189857 
421.265 -2.3901e-05 203.143 0.00188981 
421.631 -2.39358e-05 203.142 0.00188106 
421.997 -2.39729e-05 203.141 0.00187229 
422.363 -2.39191e-05 203.141 0.00186351 
422.729 -2.39001e-05 203.14 0.00185475 
423.096 -2.39234e-05 203.139 0.001846 
423.462 -2.39645e-05 203.139 0.00183724 
423.828 -2.39259e-05 203.138 0.00182846 
424.194 -2.39137e-05 203.137 0.0018197 
424.561 -2.39527e-05 203.137 0.00181094 
424.927 -2.39869e-05 203.136 0.00180216 
425.293 -2.39544e-05 203.135 0.00179338 
425.659 -2.3914e-05 203.135 0.0017846 
426.025 -2.39086e-05 203.134 0.00177584 
426.392 -2.39396e-05 203.133 0.00176709 
426.758 -2.39524e-05 203.133 0.00175832 
427.124 -2.38829e-05 203.132 0.00174955 
427.49 -2.38798e-05 203.132 0.0017408 
427.856 -2.39217e-05 203.131 0.00173205 
428.223 -2.39674e-05 203.13 0.00172329 
428.589 -2.39201e-05 203.13 0.00171451 
428.955 -2.39004e-05 203.129 0.00170575 
429.321 -2.39163e-05 203.128 0.001697 
429.688 -2.3956e-05 203.128 0.00168824 
430.054 -2.39391e-05 203.127 0.00167947 
430.42 -2.39052e-05 203.127 0.0016707 
430.786 -2.39081e-05 203.126 0.00166194 
431.152 -2.39473e-05 203.125 0.00165318 
431.519 -2.39614e-05 203.125 0.00164441 
431.885 -2.38852e-05 203.124 0.00163564 
432.251 -2.3839e-05 203.124 0.00162689 
432.617 -2.39108e-05 203.123 0.00161816 
432.983 -2.39675e-05 203.122 0.0016094 
433.35 -2.39144e-05 203.122 0.00160062 
433.716 -2.3899e-05 203.121 0.00159186 
434.082 -2.39207e-05 203.121 0.00158311 
434.448 -2.39864e-05 203.12 0.00157435 
434.814 -2.39863e-05 203.119 0.00156556 
435.181 -2.3917e-05 203.119 0.00155678 
435.547 -2.39122e-05 203.118 0.00154801 
435.913 -2.39463e-05 203.118 0.00153926 
436.279 -2.3954e-05 203.117 0.00153049 
436.646 -2.39119e-05 203.117 0.00152171 
437.012 -2.38935e-05 203.116 0.00151295 
437.378 -2.39188e-05 203.116 0.0015042 
437.744 -2.3967e-05 203.115 0.00149544 
438.11 -2.39121e-05 203.114 0.00148666 
438.477 -2.38983e-05 203.114 0.0014779 
438.843 -2.39211e-05 203.113 0.00146915 
439.209 -2.39752e-05 203.113 0.00146039 
439.575 -2.3979e-05 203.112 0.00145161 
439.941 -2.39565e-05 203.112 0.00144282 
440.308 -2.39254e-05 203.111 0.00143405 
440.674 -2.39528e-05 203.111 0.00142529 
441.04 -2.39476e-05 203.11 0.00141652 
441.406 -2.39073e-05 203.11 0.00140774 
441.772 -2.38962e-05 203.109 0.00139899 
442.139 -2.39181e-05 203.109 0.00139023 
442.505 -2.39511e-05 203.108 0.00138147 
442.871 -2.39082e-05 203.108 0.0013727 
443.237 -2.38974e-05 203.107 0.00136394 
443.604 -2.39243e-05 203.107 0.00135519 
443.97 -2.39662e-05 203.106 0.00134643 
444.336 -2.39365e-05 203.106 0.00133765 
444.702 -2.39366e-05 203.105 0.00132888 
445.068 -2.39352e-05 203.105 0.00132011 
445.435 -2.39583e-05 203.104 0.00131135 
445.801 -2.39434e-05 203.104 0.00130257 
446.167 -2.39064e-05 203.103 0.0012938 
446.533 -2.39051e-05 203.103 0.00128504 
446.899 -2.3938e-05 203.102 0.00127629 
447.266 -2.39571e-05 203.102 0.00126752 
447.632 -2.39139e-05 203.101 0.00125875 
447.998 -2.3902e-05 203.101 0.00124998 
448.364 -2.39284e-05 203.1 0.00124123 
448.73 -2.39702e-05 203.1 0.00123246 
449.097 -2.39188e-05 203.1 0.00122369 
449.463 -2.38849e-05 203.099 0.00121492 
449.829 -2.38825e-05 203.099 0.00120618 
450.195 -2.39475e-05 203.098 0.00119743 
450.562 -2.39346e-05 203.098 0.00118866 
450.928 -2.39041e-05 203.097 0.00117989 
451.294 -2.39073e-05 203.097 0.00117113 
451.66 -2.39428e-05 203.097 0.00116237 
452.026 -2.39506e-05 203.096 0.00115361 
452.393 -2.39015e-05 203.096 0.00114483 
452.759 -2.38975e-05 203.095 0.00113608 
453.125 -2.3935e-05 203.095 0.00112732 
453.491 -2.39778e-05 203.094 0.00111856 
453.857 -2.39149e-05 203.094 0.00110977 
454.224 -2.38887e-05 203.094 0.00110102 
454.59 -2.38704e-05 203.093 0.00109226 
454.956 -2.38965e-05 203.093 0.00108352 
455.322 -2.39159e-05 203.092 0.00107477 
455.688 -2.38993e-05 203.092 0.00106601 
456.055 -2.39088e-05 203.092 0.00105725 
456.421 -2.39465e-05 203.091 0.0010485 
456.787 -2.39685e-05 203.091 0.00103972 
457.153 -2.39733e-05 203.091 0.00103094 
457.52 -2.3964e-05 203.09 0.00102216 
457.886 -2.39497e-05 203.09 0.00101338 
458.252 -2.3974e-05 203.089 0.00100461 
458.618 -2.39188e-05 203.089 0.00099583 
458.984 -2.39032e-05 203.089 0.000987066 
459.351 -2.39048e-05 203.088 0.000978312 
459.717 -2.39085e-05 203.088 0.000969553 
460.083 -2.38871e-05 203.088 0.000960798 
460.449 -2.38922e-05 203.087 0.000952045 
460.815 -2.39101e-05 203.087 0.000943296 
461.182 -2.39498e-05 203.087 0.000934535 
461.548 -2.3945e-05 203.086 0.000925764 
461.914 -2.38983e-05 203.086 0.00091699 
462.28 -2.38812e-05 203.086 0.000908238 
462.646 -2.39261e-05 203.085 0.000899488 
463.013 -2.39604e-05 203.085 0.000890726 
463.379 -2.39105e-05 203.085 0.000881946 
463.745 -2.38997e-05 203.084 0.00087319 
464.111 -2.39307e-05 203.084 0.000864432 
464.478 -2.3976e-05 203.084 0.000855669 
464.844 -2.39323e-05 203.083 0.000846883 
465.21 -2.39035e-05 203.083 0.000838119 
465.576 -2.39157e-05 203.083 0.00082936 
465.942 -2.39542e-05 203.082 0.000820602 
466.309 -2.39401e-05 203.082 0.000811824 
466.675 -2.39078e-05 203.082 0.000803057 
467.041 -2.3965e-05 203.082 0.000794296 
467.407 -2.40633e-05 203.081 0.000785519 
467.773 -2.39884e-05 203.081 0.000776701 
468.14 -2.39176e-05 203.081 0.000767917 
468.506 -2.38999e-05 203.08 0.000759152 
468.872 -2.39292e-05 203.08 0.000750399 
469.238 -2.39678e-05 203.08 0.00074163 
469.604 -2.38856e-05 203.08 0.000732853 
469.971 -2.3848e-05 203.079 0.0007241 
470.337 -2.39054e-05 203.079 0.000715366 
470.703 -2.39549e-05 203.079 0.000706605 
471.069 -2.39338e-05 203.079 0.000697833 
471.436 -2.39039e-05 203.078 0.000689062 
471.802 -2.39179e-05 203.078 0.000680308 
472.168 -2.39838e-05 203.078 0.000671542 
472.534 -2.39981e-05 203.078 0.000662759 
472.9 -2.392e-05 203.077 0.000653964 
473.267 -2.39017e-05 203.077 0.000645204 
473.633 -2.39324e-05 203.077 0.000636444 
473.999 -2.39715e-05 203.077 0.00062768 
474.365 -2.3901e-05 203.076 0.000618894 
474.731 -2.38601e-05 203.076 0.000610141 
475.098 -2.38909e-05 203.076 0.000601396 
475.464 -2.39572e-05 203.076 0.000592647 
475.83 -2.39287e-05 203.076 0.000583865 
476.196 -2.39026e-05 203.075 0.000575103 
476.562 -2.3911e-05 203.075 0.000566341 
476.929 -2.39224e-05 203.075 0.000557585 
477.295 -2.38753e-05 203.075 0.000548816 
477.661 -2.38607e-05 203.075 0.000540073 
478.027 -2.38896e-05 203.074 0.000531326 
478.394 -2.39321e-05 203.074 0.000522578 
478.76 -2.39655e-05 203.074 0.000513805 
479.126 -2.39116e-05 203.074 0.000505029 
479.492 -2.38994e-05 203.074 0.000496263 
479.858 -2.39263e-05 203.073 0.000487511 
480.225 -2.39678e-05 203.073 0.00047874 
480.591 -2.39305e-05 203.073 0.000469962 
480.957 -2.39061e-05 203.073 0.000461189 
481.323 -2.39146e-05 203.073 0.000452435 
481.689 -2.3952e-05 203.073 0.000443667 
482.056 -2.39793e-05 203.072 0.000434896 
482.422 -2.39894e-05 203.072 0.000426104 
482.788 -2.3929e-05 203.072 0.000417319 
483.154 -2.39453e-05 203.072 0.000408546 
483.521 -2.39625e-05 203.072 0.000399777 
483.887 -2.39111e-05 203.072 0.00039099 
484.253 -2.38975e-05 203.072 0.000382234 
484.619 -2.3918e-05 203.071 0.000373471 
484.985 -2.39526e-05 203.071 0.000364712 
485.352 -2.39154e-05 203.071 0.000355929 
485.718 -2.39008e-05 203.071 0.000347171 
486.084 -2.39214e-05 203.071 0.000338405 
486.45 -2.39603e-05 203.071 0.000329645 
486.816 -2.39442e-05 203.071 0.000320858 
487.183 -2.39332e-05 203.071 0.000312089 
487.549 -2.39465e-05 203.07 0.000303311 
487.915 -2.39522e-05 203.07 0.000294541 
488.281 -2.39573e-05 203.07 0.000285755 
488.647 -2.39094e-05 203.07 0.000276982 
489.014 -2.38978e-05 203.07 0.000268211 
489.38 -2.39333e-05 203.07 0.000259459 
489.746 -2.39866e-05 203.07 0.000250678 
490.112 -2.39289e-05 203.07 0.000241894 
490.479 -2.39027e-05 203.07 0.000233114 
490.845 -2.39202e-05 203.07 0.000224361 
491.211 -2.39614e-05 203.069 0.000215583 
491.577 -2.39381e-05 203.069 0.000206808 
491.943 -2.38828e-05 203.069 0.000198022 
492.31 -2.38323e-05 203.069 0.000189276 
492.676 -2.38846e-05 203.069 0.000180527 
493.042 -2.3936e-05 203.069 0.000171781 
493.408 -2.39043e-05 203.069 0.000162992 
493.774 -2.38986e-05 203.069 0.000154238 
494.141 -2.39324e-05 203.069 0.000145461 
494.507 -2.39763e-05 203.069 0.000136697 
494.873 -2.39309e-05 203.069 0.000127889 
495.239 -2.3909e-05 203.069 0.000119125 
495.605 -2.39245e-05 203.069 0.000110338 
495.972 -2.39636e-05 203.069 0.000101577 
496.338 -2.39279e-05 203.069 9.27666e-05 
496.704 -2.39039e-05 203.069 8.4004e-05 
497.07 -2.39173e-05 203.069 7.52101e-05 
497.437 -2.39542e-05 203.069 6.64514e-05 
497.803 -2.39471e-05 203.069 5.76324e-05 
498.169 -2.39071e-05 203.069 4.88627e-05 
498.535 -2.39025e-05 203.069 4.00315e-05 
498.901 -2.39366e-05 203.069 3.12782e-05 
499.268 -2.39642e-05 203.069 2.23336e-05 
499.634 -2.39229e-05 203.069 1.35576e-05 
500 -2.39397e-05 203.069 4.47361e-06 
