-4.1321 0 0.686173 1.26133e-92 0 -nan 0.000196054 
-3.86502 0 0.525143 3.66961e-92 0 -nan 0.000570382 
-3.59795 0 0.374234 9.94104e-92 0 -nan 0.00154518 
-3.33087 0 0.248331 2.50765e-91 0 -nan 0.00389773 
-3.0638 0 0.153441 5.8901e-91 0 -nan 0.00915522 
-2.79672 0 0.0882825 1.28825e-90 2 -nan 0.0200238 
-2.52965 0 0.0472965 2.62363e-90 2 -nan 0.0407801 
-2.26257 0 0.0235943 4.97537e-90 7 -nan 0.0773342 
-1.9955 0 0.0109599 8.78559e-90 8 -nan 0.136558 
-1.72842 0 0.00474053 1.44457e-89 11 -nan 0.224535 
-1.46135 0 0.00190928 2.21171e-89 23 -nan 0.343775 
-1.19427 0 0.000716037 3.15311e-89 30 -nan 0.490101 
-0.927198 0 0.000250048 4.18575e-89 41 -nan 0.650608 
-0.660123 0 8.1308e-05 5.17404e-89 49 -nan 0.804221 
-0.393048 0 2.46187e-05 5.95536e-89 63 -nan 0.925665 
-0.125973 0 6.94096e-06 6.38276e-89 58 -nan 0.992097 
0.141102 0 7.47129e-06 6.36987e-89 50 -nan 0.990094 
0.408177 0 2.63929e-05 5.91937e-89 58 -nan 0.920071 
0.675253 0 8.68159e-05 5.12203e-89 59 -nan 0.796138 
0.942328 0 0.00026591 4.12697e-89 40 -nan 0.641471 
1.2094 0 0.000758389 3.0963e-89 37 -nan 0.48127 
1.47648 0 0.00201406 2.1631e-89 22 -nan 0.336219 
1.74355 1 0.0049805 1.40712e-89 23 -nan 0.218714 
2.01063 1 0.0114683 8.52333e-90 7 -nan 0.132481 
2.2777 2 0.0245891 4.80739e-90 2 -nan 0.0747231 
2.54478 2 0.0490921 2.52483e-90 3 -nan 0.0392444 
2.81185 5 0.0912645 1.23474e-90 1 -nan 0.0191921 
3.07893 16 0.157985 5.62266e-91 0 -nan 0.00873952 
3.346 17 0.254653 2.38413e-91 1 -nan 0.00370575 
3.61308 31 0.382214 9.41329e-92 0 -nan 0.00146314 
3.88015 54 0.534177 3.46078e-92 0 -nan 0.000537923 
4.14723 49 0.695163 1.18476e-92 0 -nan 0.000184151 
4.4143 62 0.842383 3.77665e-93 0 -nan 5.87019e-05 
4.68138 81 0.950507 1.121e-93 0 -nan 1.74241e-05 
4.94845 88 0.998672 3.09833e-94 0 -nan 4.81585e-06 
5.21553 91 0.977041 7.9739e-95 0 -nan 1.23942e-06 
5.4826 65 0.890072 1.9109e-95 0 -nan 2.97018e-07 
5.74968 72 0.755021 4.26408e-96 0 -nan 6.62782e-08 
6.01675 47 0.59637 8.86003e-97 0 -nan 1.37715e-08 
6.28383 42 0.438626 1.71422e-97 0 -nan 2.66449e-09 
6.5509 21 0.300396 3.08832e-98 0 -nan 4.80029e-10 
6.81798 13 0.191566 5.18082e-99 0 -nan 8.05276e-11 
7.08505 17 0.113753 8.09278e-100 0 -nan 1.25789e-11 
7.35213 4 0.062897 1.17711e-100 0 -nan 1.82964e-12 
7.6192 2 0.0323832 1.59427e-101 0 -nan 2.47804e-13 
7.88628 2 0.015525 2.01061e-102 0 -nan 3.12517e-14 
8.15335 1 0.0069305 2.3611e-103 0 -nan 3.66995e-15 
8.42043 0 0.00288085 2.58181e-104 0 -nan 4.01301e-16 
8.6875 0 0.00111506 2.62879e-105 0 -nan 4.08604e-17 
8.95458 0 0.000401882 2.49236e-106 0 -nan 3.87397e-18 
9.22166 0 0.000134872 2.20032e-107 0 -nan 3.42005e-19 
9.48873 0 4.21469e-05 1.80878e-108 0 -nan 2.81145e-20 
9.75581 0 1.2264e-05 1.38454e-109 0 -nan 2.15204e-21 
10.0229 0 3.32293e-06 9.86843e-111 0 -nan 1.53389e-22 
10.29 0 8.38363e-07 6.54957e-112 0 -nan 1.01803e-23 
10.557 0 1.96954e-07 4.04762e-113 0 -nan 6.29138e-25 
10.8241 0 4.30845e-08 2.32921e-114 0 -nan 3.62039e-26 
11.0912 0 8.77603e-09 1.24807e-115 0 -nan 1.93993e-27 
11.3583 0 1.66455e-09 6.22722e-117 0 -nan 9.67921e-29 
11.6253 0 2.93981e-10 2.89314e-118 0 -nan 4.49693e-30 
11.8924 0 4.83464e-11 1.25161e-119 0 -nan 1.94542e-31 
12.1595 0 7.40338e-12 5.04182e-121 0 -nan 7.83671e-33 
12.4266 0 1.05565e-12 1.89117e-122 0 -nan 2.93952e-34 
12.6936 0 1.40162e-13 6.60533e-124 0 -nan 1.02669e-35 
12.9607 0 1.73285e-14 2.14823e-125 0 -nan 3.33908e-37 
13.2278 0 1.99488e-15 6.50563e-127 0 -nan 1.0112e-38 
13.4949 0 2.13842e-16 1.83451e-128 0 -nan 2.85145e-40 
13.7619 0 2.13448e-17 4.81696e-130 0 -nan 7.4872e-42 
14.029 0 1.98387e-18 1.17774e-131 0 -nan 1.8306e-43 
14.2961 0 1.71695e-19 2.6813e-133 0 -nan 4.16765e-45 
14.5632 0 1.38364e-20 5.68415e-135 0 -nan 8.8351e-47 
14.8302 0 1.03827e-21 1.12204e-136 0 -nan 1.74403e-48 
15.0973 0 7.25473e-23 2.06239e-138 0 -nan 3.20565e-50 
15.3644 0 4.72012e-24 3.52986e-140 0 -nan 5.48659e-52 
15.6315 0 2.85962e-25 5.62555e-142 0 -nan 8.74402e-54 
15.8985 0 1.61319e-26 8.34825e-144 0 -nan 1.2976e-55 
16.1656 0 8.47389e-28 1.15358e-145 0 -nan 1.79306e-57 
16.4327 0 4.1448e-29 1.4843e-147 0 -nan 2.30711e-59 
16.6998 0 1.88776e-30 1.77836e-149 0 -nan 2.76417e-61 
16.9668 0 8.00593e-32 1.98399e-151 0 -nan 3.08379e-63 
17.2339 0 3.16154e-33 2.06101e-153 0 -nan 3.20351e-65 
17.501 0 1.16254e-34 1.99362e-155 0 -nan 3.09877e-67 
17.7681 0 3.98053e-36 1.79568e-157 0 -nan 2.79109e-69 
18.0351 0 1.2691e-37 1.50604e-159 0 -nan 2.3409e-71 
18.3022 0 3.76765e-39 1.17616e-161 0 -nan 1.82815e-73 
18.5693 0 1.04152e-40 8.55299e-164 0 -nan 1.32942e-75 
18.8364 0 2.68095e-42 5.79151e-166 0 -nan 9.00198e-78 
19.1034 0 6.42586e-44 3.65164e-168 0 -nan 5.67589e-80 
19.3705 0 1.43415e-45 2.14391e-170 0 -nan 3.33237e-82 
19.6376 0 2.98046e-47 1.17205e-172 0 -nan 1.82177e-84 
19.9047 0 5.76756e-49 5.96637e-175 0 -nan 9.27377e-87 
20.1717 0 1.03926e-50 2.8281e-177 14 0.000200049 4.39583e-89 
20.4388 0 1.74372e-52 1.24825e-179 54 0.281173 1.94021e-91 
20.7059 0 2.72428e-54 5.13017e-182 74 0.970095 7.97403e-94 
20.973 0 3.96323e-56 1.96329e-184 39 0.721742 3.05161e-96 
21.24 0 5.3687e-58 6.99612e-187 7 0.232415 1.08743e-98 
21.5071 0 6.77191e-60 2.32142e-189 2 0.0427173 3.60827e-101 
21.7742 0 7.95381e-62 7.17251e-192 0 0.00517138 1.11485e-103 
22.0413 0 8.69885e-64 2.06353e-194 0 0.000449139 3.20743e-106 
22.3083 0 8.85871e-66 5.52807e-197 0 2.95899e-05 8.59249e-109 
